1 2 145
2 1 145
3 4 145
4 3 161
3 5 145
5 3 97
4 3 161
3 4 145
5 3 97
3 5 145
6 3 97
3 6 145
6 5 97
5 6 97
5 6 97
6 5 97
3 6 145
6 3 97
7 8 161
8 7 97
7 9 161
9 7 109
7 10 161
10 7 1
7 11 161
11 7 1
7 12 161
12 7 16
7 13 161
13 7 89
7 14 161
14 7 1
7 15 161
15 7 33
7 16 161
16 7 1
7 17 161
17 7 97
7 18 161
18 7 81
7 19 161
19 7 129
7 20 161
20 7 145
7 21 161
21 7 1
7 22 161
22 7 68
7 23 161
23 7 15
7 24 161
24 7 17
7 25 161
25 7 33
26 7 129
7 26 161
18 7 81
7 18 161
20 7 145
7 20 161
27 7 9
7 27 161
22 7 68
7 22 161
24 7 17
7 24 161
19 7 129
7 19 161
28 7 129
7 28 161
16 7 1
7 16 161
29 7 1
7 29 161
10 7 1
7 10 161
25 7 33
7 25 161
11 7 1
7 11 161
30 7 13
7 30 161
17 7 97
7 17 161
20 8 145
8 20 97
20 31 145
31 20 79
20 32 145
32 20 129
20 33 145
33 20 13
20 34 145
34 20 113
20 35 145
35 20 145
20 36 145
36 20 65
20 37 145
37 20 97
20 38 145
38 20 81
20 39 145
39 20 37
20 25 145
25 20 33
40 20 17
20 40 145
10 20 1
20 10 145
25 20 33
20 25 145
39 20 37
20 39 145
41 20 81
20 41 145
42 20 17
20 42 145
8 20 97
20 8 145
34 20 113
20 34 145
43 20 105
20 43 145
16 20 1
20 16 145
37 20 97
20 37 145
13 20 89
20 13 145
35 20 145
20 35 145
44 20 65
20 44 145
27 20 9
20 27 145
45 20 17
20 45 145
32 20 129
20 32 145
46 20 65
20 46 145
36 20 65
20 36 145
38 20 81
20 38 145
31 20 79
20 31 145
33 20 13
20 33 145
33 32 13
32 33 129
33 47 13
47 33 97
33 48 13
48 33 49
33 36 13
36 33 65
33 21 13
21 33 1
33 49 13
49 33 1
33 50 13
50 33 49
33 22 13
22 33 68
33 51 13
51 33 29
10 33 1
33 10 13
52 33 16
33 52 13
21 33 1
33 21 13
53 33 97
33 53 13
41 33 81
33 41 13
51 33 29
33 51 13
54 33 145
33 54 13
42 33 17
33 42 13
8 33 97
33 8 13
43 33 105
33 43 13
55 33 1
33 55 13
56 33 65
33 56 13
57 33 113
33 57 13
58 33 68
33 58 13
59 33 68
33 59 13
27 33 9
33 27 13
48 33 49
33 48 13
38 33 81
33 38 13
45 33 17
33 45 13
47 33 97
33 47 13
22 33 68
33 22 13
46 33 65
33 46 13
36 33 65
33 36 13
49 33 1
33 49 13
50 33 49
33 50 13
32 33 129
33 32 13
60 9 81
9 60 109
60 61 81
61 60 1
60 62 81
62 60 145
60 63 81
63 60 49
60 64 81
64 60 129
60 11 81
11 60 1
60 65 81
65 60 112
60 66 81
66 60 1
60 67 81
67 60 33
60 68 81
68 60 145
60 69 81
69 60 161
60 70 81
70 60 33
60 71 81
71 60 113
60 72 81
72 60 129
60 73 81
73 60 13
60 74 81
74 60 129
60 75 81
75 60 145
60 76 81
76 60 89
60 77 81
77 60 1
60 19 81
19 60 129
60 78 81
78 60 17
60 79 81
79 60 68
60 80 81
80 60 1
60 81 81
81 60 137
60 82 81
82 60 1
60 83 81
83 60 9
60 84 81
84 60 137
60 85 81
85 60 129
60 86 81
86 60 13
60 87 81
87 60 145
60 88 81
88 60 145
60 89 81
89 60 129
60 90 81
90 60 129
60 91 81
91 60 141
60 92 81
92 60 68
83 60 9
60 83 81
11 60 1
60 11 81
93 60 17
60 93 81
30 60 13
60 30 81
94 60 49
60 94 81
95 96 125
96 95 16
95 97 125
97 95 68
95 62 125
62 95 145
95 98 125
98 95 161
95 99 125
99 95 55
95 100 125
100 95 113
95 101 125
101 95 157
95 102 125
102 95 63
95 103 125
103 95 1
95 104 125
104 95 113
95 105 125
105 95 1
95 66 125
66 95 1
95 106 125
106 95 145
95 107 125
107 95 41
95 108 125
108 95 37
95 109 125
109 95 97
95 110 125
110 95 113
95 111 125
111 95 49
95 112 125
112 95 145
95 113 125
113 95 68
95 114 125
114 95 161
95 75 125
75 95 145
95 115 125
115 95 161
95 116 125
116 95 68
95 117 125
117 95 145
95 118 125
118 95 65
95 78 125
78 95 17
95 79 125
79 95 68
95 119 125
119 95 161
95 120 125
120 95 113
95 121 125
121 95 1
95 122 125
122 95 49
95 80 125
80 95 1
95 83 125
83 95 9
95 123 125
123 95 141
95 84 125
84 95 137
95 85 125
85 95 129
95 88 125
88 95 145
106 95 145
95 106 125
30 95 13
95 30 125
113 95 68
95 113 125
124 95 49
95 124 125
83 95 9
95 83 125
112 95 145
95 112 125
111 95 49
95 111 125
78 95 17
95 78 125
104 95 113
95 104 125
94 95 49
95 94 125
125 126 161
126 125 113
125 127 161
127 125 73
125 98 161
98 125 161
125 11 161
11 125 1
125 128 161
128 125 29
125 103 161
103 125 1
125 65 161
65 125 112
125 104 161
104 125 113
125 129 161
129 125 1
125 106 161
106 125 145
125 107 161
107 125 41
125 15 161
15 125 33
125 130 161
130 125 68
125 108 161
108 125 37
125 131 161
131 125 1
125 109 161
109 125 97
125 132 161
132 125 49
125 110 161
110 125 113
125 70 161
70 125 33
125 133 161
133 125 97
125 134 161
134 125 65
125 117 161
117 125 145
125 135 161
135 125 81
125 118 161
118 125 65
125 77 161
77 125 1
125 19 161
19 125 129
125 78 161
78 125 17
125 136 161
136 125 1
125 79 161
79 125 68
125 119 161
119 125 161
125 121 161
121 125 1
125 137 161
137 125 65
125 123 161
123 125 141
125 85 161
85 125 129
125 86 161
86 125 13
138 125 1
125 138 161
139 125 65
125 139 161
104 125 113
125 104 161
136 125 1
125 136 161
112 125 145
125 112 161
11 125 1
125 11 161
30 125 13
125 30 161
126 125 113
125 126 161
85 125 129
125 85 161
140 125 68
125 140 161
78 125 17
125 78 161
94 125 49
125 94 161
79 141 68
141 79 64
79 98 68
98 79 161
79 65 68
65 79 112
79 68 68
68 79 145
79 131 68
131 79 1
79 109 68
109 79 97
79 112 68
112 79 145
79 117 68
117 79 145
79 142 68
142 79 145
79 143 68
143 79 145
79 77 68
77 79 1
79 144 68
144 79 33
79 19 68
19 79 129
79 145 68
145 79 161
79 123 68
123 79 141
146 79 33
79 146 68
147 79 29
79 147 68
99 79 55
79 99 68
148 79 47
79 148 68
128 79 29
79 128 68
149 79 17
79 149 68
150 79 1
79 150 68
151 79 33
79 151 68
152 79 80
79 152 68
153 79 17
79 153 68
118 79 65
79 118 68
134 79 65
79 134 68
154 79 65
79 154 68
11 79 1
79 11 68
143 79 145
79 143 68
155 79 31
79 155 68
156 79 57
79 156 68
120 79 113
79 120 68
137 79 65
79 137 68
103 79 1
79 103 68
157 79 97
79 157 68
65 79 112
79 65 68
158 79 80
79 158 68
159 79 113
79 159 68
160 79 65
79 160 68
109 79 97
79 109 68
108 79 37
79 108 68
127 79 73
79 127 68
77 79 1
79 77 68
124 79 49
79 124 68
161 79 113
79 161 68
112 79 145
79 112 68
123 79 141
79 123 68
68 79 145
79 68 68
98 79 161
79 98 68
162 79 65
79 162 68
145 79 161
79 145 68
144 79 33
79 144 68
117 79 145
79 117 68
142 79 145
79 142 68
19 79 129
79 19 68
141 79 64
79 141 68
70 79 33
79 70 68
131 79 1
79 131 68
78 79 17
79 78 68
136 79 1
79 136 68
163 79 57
79 163 68
136 164 1
164 136 77
136 11 1
11 136 1
136 165 1
165 136 15
136 129 1
129 136 1
136 15 1
15 136 33
136 130 1
130 136 68
136 131 1
131 136 1
136 109 1
109 136 97
136 132 1
132 136 49
136 112 1
112 136 145
136 166 1
166 136 13
136 114 1
114 136 161
136 117 1
117 136 145
136 19 1
19 136 129
136 119 1
119 136 161
136 167 1
167 136 105
136 168 1
168 136 48
136 169 1
169 136 97
136 82 1
82 136 1
136 170 1
170 136 161
136 171 1
171 136 113
132 136 49
136 132 1
120 136 113
136 120 1
94 136 49
136 94 1
172 136 68
136 172 1
82 136 1
136 82 1
158 136 80
136 158 1
112 136 145
136 112 1
167 136 105
136 167 1
30 136 13
136 30 1
129 136 1
136 129 1
11 136 1
136 11 1
112 173 145
173 112 68
112 97 145
97 112 68
112 98 145
98 112 161
112 124 145
124 112 49
112 100 145
100 112 113
112 174 145
174 112 95
112 175 145
175 112 145
112 152 145
152 112 80
112 161 145
161 112 113
112 72 145
72 112 129
112 176 145
176 112 9
112 116 145
116 112 68
112 142 145
142 112 145
112 118 145
118 112 65
112 19 145
19 112 129
112 145 145
145 112 161
112 120 145
120 112 113
112 167 145
167 112 105
112 123 145
123 112 141
112 88 145
88 112 145
112 177 145
177 112 97
178 112 68
112 178 145
124 112 49
112 124 145
177 112 97
112 177 145
179 112 129
112 179 145
67 112 33
112 67 145
138 112 1
112 138 145
161 112 113
112 161 145
152 112 80
112 152 145
174 112 95
112 174 145
173 112 68
112 173 145
87 163 145
163 87 57
87 77 145
77 87 1
163 87 57
87 163 145
77 87 1
87 77 145
67 180 33
180 67 145
67 9 33
9 67 109
67 11 33
11 67 1
67 181 33
181 67 16
67 182 33
182 67 48
67 183 33
183 67 17
67 72 33
72 67 129
67 184 33
184 67 49
67 135 33
135 67 81
67 77 33
77 67 1
67 169 33
169 67 97
67 81 33
81 67 137
67 185 33
185 67 17
67 88 33
88 67 145
67 89 33
89 67 129
184 67 49
67 184 33
120 67 113
67 120 33
163 67 57
67 163 33
186 67 109
67 186 33
72 67 129
67 72 33
14 67 1
67 14 33
187 67 68
67 187 33
182 67 48
67 182 33
81 67 137
67 81 33
181 67 16
67 181 33
77 67 1
67 77 33
188 67 33
67 188 33
94 67 49
67 94 33
11 67 1
67 11 33
185 67 17
67 185 33
180 67 145
67 180 33
43 41 105
41 43 81
43 189 105
189 43 161
43 190 105
190 43 13
43 32 105
32 43 129
43 34 105
34 43 113
43 55 105
55 43 1
43 48 105
48 43 49
43 17 105
17 43 97
43 191 105
191 43 81
43 49 105
49 43 1
43 22 105
22 43 68
191 43 81
43 191 105
10 43 1
43 10 105
17 43 97
43 17 105
41 43 81
43 41 105
48 43 49
43 48 105
45 43 17
43 45 105
32 43 129
43 32 105
192 183 68
183 192 17
193 61 33
61 193 1
193 11 33
11 193 1
193 100 33
100 193 113
193 194 33
194 193 17
193 104 33
104 193 113
193 152 33
152 193 80
193 153 33
153 193 17
193 182 33
182 193 48
193 195 33
195 193 49
193 196 33
196 193 33
193 111 33
111 193 49
193 166 33
166 193 13
193 113 33
113 193 68
193 197 33
197 193 33
193 116 33
116 193 68
193 118 33
118 193 65
193 198 33
198 193 68
193 199 33
199 193 68
193 136 33
136 193 1
193 200 33
200 193 1
193 201 33
201 193 1
193 202 33
202 193 68
193 203 33
203 193 49
193 204 33
204 193 68
193 205 33
205 193 25
206 193 1
193 206 33
202 193 68
193 202 33
100 193 113
193 100 33
158 193 80
193 158 33
201 193 1
193 201 33
104 193 113
193 104 33
203 193 49
193 203 33
207 208 65
208 207 1
49 209 1
209 49 30
49 34 1
34 49 113
49 21 1
21 49 1
49 22 1
22 49 68
49 51 1
51 49 29
210 49 160
49 210 1
53 49 97
49 53 1
211 49 113
49 211 1
51 49 29
49 51 1
42 49 17
49 42 1
8 49 97
49 8 1
34 49 113
49 34 1
55 49 1
49 55 1
37 49 97
49 37 1
22 49 68
49 22 1
212 49 145
49 212 1
213 49 81
49 213 1
181 214 16
214 181 1
11 164 1
164 11 77
11 146 1
146 11 33
11 14 1
14 11 1
11 129 1
129 11 1
11 15 1
15 11 33
11 181 1
181 11 16
11 215 1
215 11 65
11 216 1
216 11 65
11 135 1
135 11 81
11 119 1
119 11 161
11 168 1
168 11 48
11 217 1
217 11 1
11 82 1
82 11 1
154 11 65
11 154 1
14 11 1
11 14 1
217 11 1
11 217 1
82 11 1
11 82 1
129 11 1
11 129 1
205 218 25
218 205 9
205 116 25
116 205 68
205 200 25
200 205 1
205 219 25
219 205 129
205 196 25
196 205 33
218 205 9
205 218 25
116 205 68
205 116 25
104 205 113
205 104 25
220 205 41
205 220 25
203 205 49
205 203 25
194 205 17
205 194 25
196 205 33
205 196 25
200 205 1
205 200 25
221 222 68
222 221 68
221 223 68
223 221 68
222 221 68
221 222 68
200 178 1
178 200 68
200 61 1
61 200 1
200 104 1
104 200 113
200 224 1
224 200 96
200 116 1
116 200 68
200 19 1
19 200 129
200 201 1
201 200 1
200 90 1
90 200 129
116 200 68
200 116 1
218 200 9
200 218 1
224 200 96
200 224 1
187 200 68
200 187 1
178 200 68
200 178 1
60 200 81
200 60 1
161 200 113
200 161 1
112 200 145
200 112 1
186 200 109
200 186 1
203 200 49
200 203 1
61 200 1
200 61 1
67 200 33
200 67 1
201 200 1
200 201 1
19 200 129
200 19 1
138 200 1
200 138 1
90 200 129
200 90 1
104 200 113
200 104 1
225 200 1
200 225 1
64 200 129
200 64 1
196 61 33
61 196 1
196 104 33
104 196 113
196 224 33
224 196 96
196 153 33
153 196 17
196 67 33
67 196 33
196 72 33
72 196 129
196 116 33
116 196 68
196 137 33
137 196 65
196 201 33
201 196 1
196 202 33
202 196 68
196 90 33
90 196 129
90 196 129
196 90 33
188 196 33
196 188 33
72 196 129
196 72 33
226 196 49
196 226 33
67 196 33
196 67 33
104 196 113
196 104 33
194 220 17
220 194 41
194 96 17
96 194 16
194 104 17
104 194 113
194 66 17
66 194 1
194 227 17
227 194 125
194 218 17
218 194 9
194 201 17
201 194 1
188 194 33
194 188 17
26 194 129
194 26 17
228 229 68
229 228 68
229 228 68
228 229 68
96 181 16
181 96 16
203 220 49
220 203 41
203 61 49
61 203 1
203 104 49
104 203 113
203 227 49
227 203 125
203 158 49
158 203 80
203 75 49
75 203 145
203 218 49
218 203 9
203 116 49
116 203 68
203 198 49
198 203 68
203 19 49
19 203 129
203 80 49
80 203 1
203 201 49
201 203 1
203 88 49
88 203 145
230 203 68
203 230 49
231 232 17
232 231 68
232 231 68
231 232 17
220 104 41
104 220 113
220 75 41
75 220 145
220 80 41
80 220 1
104 220 113
220 104 41
76 220 89
220 76 41
225 220 1
220 225 41
75 220 145
220 75 41
80 220 1
220 80 41
233 220 161
220 233 41
234 28 33
28 234 129
234 41 33
41 234 81
234 46 33
46 234 65
234 235 33
235 234 1
234 191 33
191 234 81
234 236 33
236 234 65
234 24 33
24 234 17
234 43 33
43 234 105
234 237 33
237 234 41
235 234 1
234 235 33
41 234 81
234 41 33
43 234 105
234 43 33
46 234 65
234 46 33
237 234 41
234 237 33
238 234 145
234 238 33
24 234 17
234 24 33
236 234 65
234 236 33
191 234 81
234 191 33
28 234 129
234 28 33
237 10 41
10 237 1
237 13 41
13 237 89
237 7 41
7 237 161
237 239 41
239 237 1
237 17 41
17 237 97
237 235 41
235 237 1
237 240 41
240 237 125
237 19 41
19 237 129
237 50 41
50 237 49
237 24 41
24 237 17
237 241 41
241 237 129
237 242 41
242 237 68
190 237 13
237 190 41
50 237 49
237 50 41
43 237 105
237 43 41
13 237 89
237 13 41
27 237 9
237 27 41
45 237 17
237 45 41
24 237 17
237 24 41
17 237 97
237 17 41
19 237 129
237 19 41
242 237 68
237 242 41
28 237 129
237 28 41
7 237 161
237 7 41
238 237 145
237 238 41
239 237 1
237 239 41
241 237 129
237 241 41
240 237 125
237 240 41
243 237 57
237 243 41
235 237 1
237 235 41
235 9 1
9 235 109
235 41 1
41 235 81
235 10 1
10 235 1
235 243 1
243 235 57
235 42 1
42 235 17
235 13 1
13 235 89
235 190 1
190 235 13
235 32 1
32 235 129
235 33 1
33 235 13
235 7 1
7 235 161
235 239 1
239 235 1
235 46 1
46 235 65
235 17 1
17 235 97
235 18 1
18 235 81
235 240 1
240 235 125
235 213 1
213 235 81
235 19 1
19 235 129
235 36 1
36 235 65
235 21 1
21 235 1
235 244 1
244 235 65
235 52 1
52 235 16
235 23 1
23 235 15
235 24 1
24 235 17
235 25 1
25 235 33
235 43 1
43 235 105
235 241 1
241 235 129
28 235 129
235 28 1
239 235 1
235 239 1
52 235 16
235 52 1
238 235 145
235 238 1
30 235 13
235 30 1
46 235 65
235 46 1
43 235 105
235 43 1
41 235 81
235 41 1
243 235 57
235 243 1
7 235 161
235 7 1
243 9 57
9 243 109
243 10 57
10 243 1
243 13 57
13 243 89
243 7 57
7 243 161
243 240 57
240 243 125
243 22 57
22 243 68
243 23 57
23 243 15
243 24 57
24 243 17
243 25 57
25 243 33
243 43 57
43 243 105
243 241 57
241 243 129
28 243 129
243 28 57
239 243 1
243 239 57
7 243 161
243 7 57
10 243 1
243 10 57
240 9 125
9 240 109
240 63 125
63 240 49
240 245 125
245 240 113
240 7 125
7 240 161
240 76 125
76 240 89
240 46 125
46 240 65
240 17 125
17 240 97
240 24 125
24 240 17
240 43 125
43 240 105
240 241 125
241 240 129
7 240 161
240 7 125
10 240 1
240 10 125
9 240 109
240 9 125
239 240 1
240 239 125
163 240 57
240 163 125
190 240 13
240 190 125
41 240 81
240 41 125
76 240 89
240 76 125
43 240 105
240 43 125
160 240 65
240 160 125
93 240 17
240 93 125
63 240 49
240 63 125
185 240 17
240 185 125
27 240 9
240 27 125
46 240 65
240 46 125
246 240 1
240 246 125
238 240 145
240 238 125
24 240 17
240 24 125
241 240 129
240 241 125
245 240 113
240 245 125
17 240 97
240 17 125
139 240 65
240 139 125
247 216 68
216 247 65
247 248 68
248 247 157
199 249 68
249 199 23
176 174 9
174 176 95
176 250 9
250 176 31
176 114 9
114 176 161
146 97 33
97 146 68
251 146 68
146 251 33
150 174 1
174 150 95
174 150 95
150 174 1
141 68 64
68 141 145
141 114 64
114 141 161
141 117 64
117 141 145
68 141 145
141 68 64
117 141 145
141 117 64
252 253 68
253 252 68
253 252 68
252 253 68
254 252 68
252 254 68
255 174 79
174 255 95
113 256 68
256 113 46
256 113 46
113 256 68
241 7 129
7 241 161
241 24 129
24 241 17
241 25 129
25 241 33
7 241 161
241 7 129
257 241 81
241 257 129
10 241 1
241 10 129
25 241 33
241 25 129
239 241 1
241 239 129
54 241 145
241 54 129
43 241 105
241 43 129
16 241 1
241 16 129
13 241 89
241 13 129
258 241 145
241 258 129
259 241 97
241 259 129
44 241 65
241 44 129
27 241 9
241 27 129
46 241 65
241 46 129
24 241 17
241 24 129
236 241 65
241 236 129
30 241 13
241 30 129
260 241 68
241 260 129
239 28 1
28 239 129
239 12 1
12 239 16
239 209 1
209 239 30
239 33 1
33 239 13
239 34 1
34 239 113
239 7 1
7 239 161
239 17 1
17 239 97
239 18 1
18 239 81
239 20 1
20 239 145
239 261 1
261 239 81
239 244 1
244 239 65
239 262 1
262 239 17
239 25 1
25 239 33
10 239 1
239 10 1
7 239 161
239 7 1
28 239 129
239 28 1
263 264 68
264 263 68
264 263 68
263 264 68
228 263 68
263 228 68
35 265 145
265 35 13
238 9 145
9 238 109
238 190 145
190 238 13
238 32 145
32 238 129
238 33 145
33 238 13
238 7 145
7 238 161
238 40 145
40 238 17
238 46 145
46 238 65
238 264 145
264 238 68
238 213 145
213 238 81
238 19 145
19 238 129
238 266 145
266 238 49
238 236 145
236 238 65
238 49 145
49 238 1
238 50 145
50 238 49
238 38 145
38 238 81
238 25 145
25 238 33
238 89 145
89 238 129
61 181 1
181 61 16
138 15 1
15 138 33
138 110 1
110 138 113
28 10 129
10 28 1
28 13 129
13 28 89
28 17 129
17 28 97
28 20 129
20 28 145
28 24 129
24 28 17
28 25 129
25 28 33
28 43 129
43 28 105
24 28 17
28 24 129
10 28 1
28 10 129
267 242 68
242 267 68
29 164 1
164 29 77
29 126 1
126 29 113
29 147 1
147 29 29
29 98 1
98 29 161
29 11 1
11 29 1
29 99 1
99 29 55
29 128 1
128 29 29
29 65 1
65 29 112
29 268 1
268 29 145
29 14 1
14 29 1
29 269 1
269 29 129
29 270 1
270 29 33
29 15 1
15 29 33
29 131 1
131 29 1
29 109 1
109 29 97
29 132 1
132 29 49
29 70 1
70 29 33
29 271 1
271 29 113
29 133 1
133 29 97
29 117 1
117 29 145
29 135 1
135 29 81
29 19 1
19 29 129
29 136 1
136 29 1
29 119 1
119 29 161
29 93 1
93 29 17
29 169 1
169 29 97
29 272 1
272 29 17
29 82 1
82 29 1
29 123 1
123 29 141
29 85 1
85 29 129
29 86 1
86 29 13
29 273 1
273 29 68
273 29 68
29 273 1
30 29 13
29 30 1
136 29 1
29 136 1
94 29 49
29 94 1
11 29 1
29 11 1
70 29 33
29 70 1
274 134 68
134 274 65
134 274 65
274 134 68
135 96 81
96 135 16
135 164 81
164 135 77
96 135 16
135 96 81
224 135 96
135 224 81
275 135 1
135 275 81
164 135 77
135 164 81
134 135 65
135 134 81
110 135 113
135 110 81
156 164 57
164 156 77
156 135 57
135 156 81
169 164 97
164 169 77
169 128 97
128 169 29
169 274 97
274 169 68
169 135 97
135 169 81
128 169 29
169 128 97
164 169 77
169 164 97
134 169 65
169 134 97
274 169 68
169 274 97
135 169 81
169 135 97
156 169 57
169 156 97
109 110 97
110 109 113
146 109 33
109 146 97
156 109 57
109 156 97
110 109 113
109 110 97
273 272 68
272 273 17
276 273 68
273 276 68
206 273 1
273 206 68
272 273 17
273 272 68
121 277 1
277 121 161
121 247 1
247 121 68
121 109 1
109 121 97
121 114 1
114 121 161
109 121 97
121 109 1
278 121 145
121 278 1
277 121 161
121 277 1
133 164 97
164 133 77
133 141 97
141 133 64
133 121 97
121 133 1
141 133 64
133 141 97
121 133 1
133 121 97
166 97 13
97 166 68
166 114 13
114 166 161
162 256 65
256 162 46
162 113 65
113 162 68
154 97 65
97 154 68
154 146 65
146 154 33
154 277 65
277 154 161
154 114 65
114 154 161
251 154 68
154 251 65
62 166 145
166 62 13
132 277 49
277 132 161
132 62 49
62 132 145
132 114 49
114 132 161
132 133 49
133 132 97
132 121 49
121 132 1
154 132 65
132 154 49
114 132 161
132 114 49
62 132 145
132 62 49
133 132 97
132 133 49
121 132 1
132 121 49
277 132 161
132 277 49
271 164 113
164 271 77
271 174 113
174 271 95
271 15 113
15 271 33
271 279 113
279 271 49
271 169 113
169 271 97
169 271 97
271 169 113
15 271 33
271 15 113
164 271 77
271 164 113
143 97 145
97 143 68
143 181 145
181 143 16
143 215 145
215 143 65
143 271 145
271 143 113
154 143 65
143 154 145
156 143 57
143 156 145
141 143 64
143 141 145
280 214 112
214 280 1
271 280 113
280 271 112
143 280 145
280 143 112
255 168 79
168 255 48
113 168 68
168 113 48
224 168 96
168 224 48
217 166 1
166 217 13
217 271 1
271 217 113
281 282 43
282 281 57
282 281 57
281 282 43
272 179 17
179 272 129
272 206 17
206 272 1
272 62 17
62 272 145
272 98 17
98 272 161
272 99 17
99 272 55
272 14 17
14 272 1
272 129 17
129 272 1
272 132 17
132 272 49
272 166 17
166 272 13
272 118 17
118 272 65
272 78 17
78 272 17
272 136 17
136 272 1
272 79 17
79 272 68
272 123 17
123 272 141
272 86 17
86 272 13
99 272 55
272 99 17
166 272 13
272 166 17
70 272 33
272 70 17
179 272 129
272 179 17
123 272 141
272 123 17
162 272 65
272 162 17
78 272 17
272 78 17
112 272 145
272 112 17
136 272 1
272 136 17
182 272 48
272 182 17
154 272 65
272 154 17
62 272 145
272 62 17
132 272 49
272 132 17
129 272 1
272 129 17
206 272 1
272 206 17
206 179 1
179 206 129
206 98 1
98 206 161
206 11 1
11 206 1
206 99 1
99 206 55
206 125 1
125 206 161
206 129 1
129 206 1
206 152 1
152 206 80
206 182 1
182 206 48
206 132 1
132 206 49
206 70 1
70 206 33
206 166 1
166 206 13
206 197 1
197 206 33
206 19 1
19 206 129
206 78 1
78 206 17
206 136 1
136 206 1
206 167 1
167 206 105
206 283 1
283 206 68
206 85 1
85 206 129
11 206 1
206 11 1
266 284 49
284 266 129
8 285 97
285 8 68
8 284 97
284 8 129
8 286 97
286 8 1
285 8 68
8 285 97
287 8 33
8 287 97
8 287 97
287 8 33
288 8 1
8 288 97
288 266 1
266 288 49
288 217 1
217 288 1
8 288 97
288 8 1
289 288 65
288 289 1
217 288 1
288 217 1
290 276 68
276 290 68
21 190 1
190 21 13
190 21 13
21 190 1
50 291 49
291 50 49
291 50 49
50 291 49
23 21 15
21 23 1
23 50 15
50 23 49
21 23 1
23 21 15
50 23 49
23 50 15
290 292 68
292 290 68
290 293 68
293 290 68
293 290 68
290 293 68
186 294 109
294 186 25
186 74 109
74 186 129
186 184 109
184 186 49
186 76 109
76 186 89
64 224 129
224 64 96
64 198 129
198 64 68
122 295 49
295 122 68
122 198 49
198 122 68
198 122 68
122 198 49
295 122 68
122 295 49
186 122 109
122 186 49
64 122 129
122 64 49
292 293 68
293 292 68
296 212 1
212 296 145
212 296 145
296 212 1
40 297 17
297 40 68
40 8 17
8 40 97
40 287 17
287 40 33
40 288 17
288 40 1
40 298 17
298 40 65
40 296 17
296 40 1
296 40 1
40 296 17
299 40 68
40 299 17
14 110 1
110 14 113
14 300 1
300 14 145
14 135 1
135 14 81
14 169 1
169 14 97
14 121 1
121 14 1
301 14 33
14 301 1
9 15 109
15 9 33
190 9 13
9 190 109
15 9 33
9 15 109
186 9 109
9 186 109
210 244 160
244 210 65
244 210 65
210 244 160
284 210 129
210 284 160
190 210 13
210 190 160
292 204 68
204 292 68
292 302 68
302 292 68
302 292 68
292 302 68
204 292 68
292 204 68
281 51 43
51 281 29
286 51 1
51 286 29
303 51 97
51 303 29
289 51 65
51 289 29
266 51 49
51 266 29
8 51 97
51 8 29
287 51 33
51 287 29
39 51 37
51 39 29
210 39 160
39 210 37
53 39 97
39 53 37
51 39 29
39 51 37
187 64 68
64 187 129
187 181 68
181 187 16
187 134 68
134 187 65
187 280 68
280 187 112
181 187 16
187 181 68
134 187 65
187 134 68
204 302 68
302 204 68
304 204 68
204 304 68
302 204 68
204 302 68
129 164 1
164 129 77
129 274 1
274 129 68
129 132 1
132 129 49
129 133 1
133 129 97
129 121 1
121 129 1
132 129 49
129 132 1
62 129 145
129 62 1
121 129 1
129 121 1
133 129 97
129 133 1
131 283 1
283 131 68
129 283 1
283 129 68
167 283 105
283 167 68
283 167 68
167 283 105
105 97 1
97 105 68
155 164 31
164 155 77
155 15 31
15 155 33
155 215 31
215 155 65
155 216 31
216 155 65
155 168 31
168 155 48
15 155 33
155 15 31
121 155 1
155 121 31
164 155 77
155 164 31
215 155 65
155 215 31
134 155 65
155 134 31
216 155 65
155 216 31
305 143 112
143 305 145
305 306 112
306 305 1
207 306 65
306 207 1
111 114 49
114 111 161
154 111 65
111 154 49
114 111 161
111 114 49
76 111 89
111 76 49
26 111 129
111 26 49
148 102 47
102 148 63
148 214 47
214 148 1
102 148 63
148 102 47
108 141 37
141 108 64
108 103 37
103 108 1
108 256 37
256 108 46
108 109 37
109 108 97
108 111 37
111 108 49
108 114 37
114 108 161
109 108 97
108 109 37
111 108 49
108 111 37
154 108 65
108 154 37
307 304 68
304 307 68
308 277 1
277 308 161
308 62 1
62 308 145
308 141 1
141 308 64
308 105 1
105 308 1
308 108 1
108 308 37
308 132 1
132 308 49
308 114 1
114 308 161
308 176 1
176 308 9
308 121 1
121 308 1
132 308 49
308 132 1
154 308 65
308 154 1
108 308 37
308 108 1
267 309 68
309 267 68
267 310 68
310 267 68
310 267 68
267 310 68
309 267 68
267 309 68
94 9 49
9 94 109
94 15 49
15 94 33
94 110 49
110 94 113
94 169 49
169 94 97
94 217 49
217 94 1
311 181 1
181 311 16
311 122 1
122 311 49
198 311 68
311 198 1
312 168 16
168 312 48
11 312 1
312 11 16
155 312 31
312 155 16
168 312 48
312 168 16
301 312 33
312 301 16
129 312 1
312 129 16
165 101 15
101 165 157
165 313 15
313 165 145
165 306 15
306 165 1
165 216 15
216 165 65
165 168 15
168 165 48
165 312 15
312 165 16
101 165 157
165 101 15
247 165 68
165 247 15
18 12 81
12 18 16
18 20 81
20 18 145
30 18 13
18 30 81
12 18 16
18 12 81
10 18 1
18 10 81
41 18 81
18 41 81
43 18 105
18 43 81
16 18 1
18 16 81
26 18 129
18 26 81
63 18 49
18 63 81
27 18 9
18 27 81
20 18 145
18 20 81
314 295 68
295 314 68
314 181 68
181 314 16
314 69 68
69 314 161
314 280 68
280 314 112
314 122 68
122 314 49
295 314 68
314 295 68
122 314 49
314 122 68
315 314 81
314 315 68
64 314 129
314 64 68
316 314 129
314 316 68
36 50 65
50 36 49
50 36 49
36 50 65
209 21 30
21 209 1
209 244 30
244 209 65
244 209 65
209 244 30
21 209 1
209 21 30
284 209 129
209 284 30
210 209 160
209 210 30
53 209 97
209 53 30
190 209 13
209 190 30
286 262 1
262 286 17
265 262 13
262 265 17
261 51 81
51 261 29
40 261 17
261 40 81
51 261 29
261 51 81
35 261 145
261 35 81
317 190 65
190 317 13
317 209 65
209 317 30
317 210 65
210 317 160
317 284 65
284 317 129
317 53 65
53 317 97
317 298 65
298 317 65
317 51 65
51 317 29
8 317 97
317 8 65
190 317 13
317 190 65
284 317 129
317 284 65
266 317 49
317 266 65
211 317 113
317 211 65
211 190 113
190 211 13
211 209 113
209 211 30
211 53 113
53 211 97
211 21 113
21 211 1
42 281 17
281 42 43
42 261 17
261 42 81
42 21 17
21 42 1
281 42 43
42 281 17
34 209 113
209 34 30
34 261 113
261 34 81
34 262 113
262 34 17
209 34 30
34 209 113
262 34 17
34 262 113
261 34 81
34 261 113
289 34 65
34 289 113
42 34 17
34 42 113
40 34 17
34 40 113
55 42 1
42 55 17
55 284 1
284 55 129
55 266 1
266 55 49
55 261 1
261 55 81
55 21 1
21 55 1
55 39 1
39 55 37
8 55 97
55 8 1
287 55 33
55 287 1
288 55 1
55 288 1
42 55 17
55 42 1
37 8 97
8 37 97
37 317 97
317 37 65
37 303 97
303 37 97
37 282 97
282 37 57
37 284 97
284 37 129
37 34 97
34 37 113
37 35 97
35 37 145
37 266 97
266 37 49
37 261 97
261 37 81
37 21 97
21 37 1
37 262 97
262 37 17
37 39 97
39 37 37
35 37 145
37 35 97
284 37 129
37 284 97
317 37 65
37 317 97
8 37 97
37 8 97
262 37 17
37 262 97
263 37 68
37 263 97
288 37 1
37 288 97
38 8 81
8 38 97
38 260 81
260 38 68
38 57 81
57 38 113
38 259 81
259 38 97
38 298 81
298 38 65
38 49 81
49 38 1
38 37 81
37 38 97
288 38 1
38 288 81
259 38 97
38 259 81
27 38 9
38 27 81
57 38 113
38 57 81
257 38 81
38 257 81
260 38 68
38 260 81
54 38 145
38 54 81
22 34 68
34 22 113
22 265 68
265 22 13
265 22 13
22 265 68
289 22 65
22 289 68
42 22 17
22 42 68
34 22 113
22 34 68
263 22 68
22 263 68
213 288 81
288 213 1
223 213 68
213 223 81
288 213 1
213 288 81
17 12 97
12 17 16
17 49 97
49 17 1
12 17 16
17 12 97
49 17 1
17 49 97
190 17 13
17 190 97
41 9 81
9 41 109
41 12 81
12 41 16
41 189 81
189 41 161
41 190 81
190 41 13
41 209 81
209 41 30
41 34 81
34 41 113
41 53 81
53 41 97
41 17 81
17 41 97
41 261 81
261 41 81
41 37 81
37 41 97
41 262 81
262 41 17
41 23 81
23 41 15
17 41 97
41 17 81
37 41 97
41 37 81
48 55 49
55 48 1
48 49 49
49 48 1
49 48 1
48 49 49
55 48 1
48 55 49
288 48 1
48 288 49
92 268 68
268 92 145
92 79 68
79 92 68
99 92 55
92 99 68
78 92 17
92 78 68
149 92 17
92 149 68
136 92 1
92 136 68
157 92 97
92 157 68
79 92 68
92 79 68
269 92 129
92 269 68
66 92 1
92 66 68
125 92 161
92 125 68
95 92 125
92 95 68
318 92 1
92 318 68
268 92 145
92 268 68
32 48 129
48 32 49
32 36 129
36 32 65
32 49 129
49 32 1
32 50 129
50 32 49
49 32 1
32 49 129
50 32 49
32 50 129
48 32 49
32 48 129
212 32 145
32 212 129
36 32 65
32 36 129
319 320 1
320 319 68
268 270 145
270 268 33
268 109 145
109 268 97
268 70 145
70 268 33
268 79 145
79 268 68
79 268 68
268 79 145
70 268 33
268 70 145
109 268 97
268 109 145
125 268 161
268 125 145
124 268 49
268 124 145
270 268 33
268 270 145
318 141 1
141 318 64
318 65 1
65 318 112
318 106 1
106 318 145
318 107 1
107 318 41
318 68 1
68 318 145
318 275 1
275 318 1
318 70 1
70 318 33
318 134 1
134 318 65
318 79 1
79 318 68
318 80 1
80 318 1
318 86 1
86 318 13
197 318 33
318 197 1
246 318 1
318 246 1
68 318 145
318 68 1
66 155 1
155 66 31
66 277 1
277 66 161
66 128 1
128 66 29
66 65 1
65 66 112
66 106 1
106 66 145
66 131 1
131 66 1
66 109 1
109 66 97
66 132 1
132 66 49
66 76 1
76 66 89
66 133 1
133 66 97
66 79 1
79 66 68
66 83 1
83 66 9
66 86 1
86 66 13
161 66 113
66 161 1
76 66 89
66 76 1
157 66 97
66 157 1
269 98 129
98 269 161
269 65 129
65 269 112
269 274 129
274 269 68
269 106 129
106 269 145
269 114 129
114 269 161
269 133 129
133 269 97
269 79 129
79 269 68
269 86 129
86 269 13
138 269 1
269 138 129
139 269 65
269 139 129
149 164 17
164 149 77
149 65 17
65 149 112
149 181 17
181 149 16
149 67 17
67 149 33
149 68 17
68 149 145
149 109 17
109 149 97
149 72 17
72 149 129
149 135 17
135 149 81
149 77 17
77 149 1
149 19 17
19 149 129
149 168 17
168 149 48
149 169 17
169 149 97
149 81 17
81 149 137
149 123 17
123 149 141
149 85 17
85 149 129
149 86 17
86 149 13
149 185 17
185 149 17
149 87 17
87 149 145
149 88 17
88 149 145
321 97 1
97 321 68
321 181 1
181 321 16
321 227 1
227 321 125
321 109 1
109 321 97
321 69 1
69 321 161
321 74 1
74 321 129
321 169 1
169 321 97
321 122 1
122 321 49
97 321 68
321 97 1
14 321 1
321 14 1
78 124 17
124 78 49
78 68 17
68 78 145
78 109 17
109 78 97
78 110 17
110 78 113
78 84 17
84 78 137
78 249 17
249 78 23
78 72 17
72 78 129
78 135 17
135 78 81
78 19 17
19 78 129
78 119 17
119 78 161
78 169 17
169 78 97
78 81 17
81 78 137
78 170 17
170 78 161
78 85 17
85 78 129
170 78 161
78 170 17
19 78 129
78 19 17
139 78 65
78 139 17
119 78 161
78 119 17
85 78 129
78 85 17
72 78 129
78 72 17
172 78 68
78 172 17
112 78 145
78 112 17
148 78 47
78 148 17
124 78 49
78 124 17
249 78 23
78 249 17
99 132 55
132 99 49
99 71 55
71 99 113
99 197 55
197 99 33
99 117 55
117 99 145
99 142 55
142 99 145
99 123 55
123 99 141
99 86 55
86 99 13
99 322 55
322 99 129
117 99 145
99 117 55
142 99 145
99 142 55
139 99 65
99 139 55
188 99 33
99 188 55
197 99 33
99 197 55
112 99 145
99 112 55
106 99 145
99 106 55
124 99 49
99 124 55
185 99 17
99 185 55
123 106 141
106 123 145
123 153 141
153 123 17
130 123 68
123 130 141
153 123 17
123 153 141
321 123 1
123 321 141
106 123 145
123 106 141
179 123 129
123 179 141
98 15 161
15 98 33
98 137 161
137 98 65
98 123 161
123 98 141
137 98 65
98 137 161
15 98 33
98 15 161
179 98 129
98 179 161
123 98 141
98 123 161
84 110 137
110 84 113
110 84 113
84 110 137
186 72 109
72 186 129
257 8 81
8 257 97
257 32 81
32 257 129
257 213 81
213 257 81
257 291 81
291 257 49
257 21 81
21 257 1
257 244 81
244 257 65
257 49 81
49 257 1
257 323 81
323 257 157
257 51 81
51 257 29
10 12 1
12 10 16
10 34 1
34 10 113
10 17 1
17 10 97
10 261 1
261 10 81
10 262 1
262 10 17
16 12 1
12 16 16
16 32 1
32 16 129
16 34 1
34 16 113
16 55 1
55 16 1
16 261 1
261 16 81
16 49 1
49 16 1
16 50 1
50 16 49
16 22 1
22 16 68
16 51 1
51 16 29
16 39 1
39 16 37
12 16 16
16 12 1
42 16 17
16 42 1
45 16 17
16 45 1
34 16 113
16 34 1
43 16 105
16 43 1
55 16 1
16 55 1
91 224 141
224 91 96
91 116 141
116 91 68
91 198 141
198 91 68
218 91 9
91 218 141
224 91 96
91 224 141
187 91 68
91 187 141
324 91 68
91 324 141
325 91 95
91 325 141
225 91 1
91 225 141
160 91 65
91 160 141
326 91 1
91 326 141
258 286 145
286 258 1
258 296 145
296 258 1
296 258 1
258 296 145
259 8 97
8 259 97
259 212 97
212 259 145
259 258 97
258 259 145
259 296 97
296 259 1
221 259 68
259 221 97
8 259 97
259 8 97
257 259 81
259 257 97
289 259 65
259 289 97
46 259 65
259 46 97
46 17 65
17 46 97
46 213 65
213 46 81
46 49 65
49 46 1
46 43 65
43 46 105
259 46 97
46 259 65
257 46 81
46 257 65
24 13 17
13 24 89
24 245 17
245 24 113
24 46 17
46 24 65
24 17 17
17 24 97
24 213 17
213 24 81
24 36 17
36 24 65
24 43 17
43 24 105
213 24 81
24 213 17
245 24 113
24 245 17
17 24 97
24 17 17
43 24 105
24 43 17
46 24 65
24 46 17
13 24 89
24 13 17
36 24 65
24 36 17
10 24 1
24 10 17
45 24 17
24 45 17
326 96 1
96 326 16
326 163 1
163 326 57
326 160 1
160 326 65
326 224 1
224 326 96
326 108 1
108 326 37
326 327 1
327 326 68
326 110 1
110 326 113
326 328 1
328 326 13
326 137 1
137 326 65
163 326 57
326 163 1
160 326 65
326 160 1
30 9 13
9 30 109
30 41 13
41 30 81
30 11 13
11 30 1
30 329 13
329 30 33
30 15 13
15 30 33
30 330 13
330 30 57
30 215 13
215 30 65
30 17 13
17 30 97
30 169 13
169 30 97
30 217 13
217 30 1
30 82 13
82 30 1
30 83 13
83 30 9
30 219 13
219 30 129
30 43 13
43 30 105
30 319 13
319 30 1
260 257 68
257 260 81
260 48 68
48 260 49
260 259 68
259 260 97
260 46 68
46 260 65
260 16 68
16 260 1
260 261 68
261 260 81
260 244 68
244 260 65
260 37 68
37 260 97
260 22 68
22 260 68
260 262 68
262 260 17
260 51 68
51 260 29
299 260 68
260 299 68
37 260 97
260 37 68
259 260 97
260 259 68
160 141 65
141 160 64
160 11 65
11 160 1
160 103 65
103 160 1
160 163 65
163 160 57
160 106 65
106 160 145
160 256 65
256 160 46
160 107 65
107 160 41
160 181 65
181 160 16
160 110 65
110 160 113
160 331 65
331 160 145
160 135 65
135 160 81
160 198 65
198 160 68
160 80 65
80 160 1
107 160 41
160 107 65
11 160 1
160 11 65
163 160 57
160 163 65
30 160 13
160 30 65
225 314 1
314 225 68
225 178 1
178 225 68
225 325 1
325 225 95
225 224 1
224 225 96
225 181 1
181 225 16
225 327 1
327 225 68
225 227 1
227 225 125
225 69 1
69 225 161
225 75 1
75 225 145
225 116 1
116 225 68
225 328 1
328 225 13
225 122 1
122 225 49
225 80 1
80 225 1
225 81 1
81 225 137
225 332 1
332 225 125
225 201 1
201 225 1
163 225 57
225 163 1
325 225 95
225 325 1
314 225 68
225 314 1
178 225 68
225 178 1
104 225 113
225 104 1
93 96 17
96 93 16
93 103 17
103 93 1
93 288 17
288 93 1
93 15 17
15 93 33
93 111 17
111 93 49
93 176 17
176 93 9
93 298 17
298 93 65
93 37 17
37 93 97
93 217 17
217 93 1
30 93 13
93 30 17
217 93 1
93 217 17
255 93 79
93 255 17
40 93 17
93 40 17
298 93 65
93 298 17
94 93 49
93 94 17
80 96 1
96 80 16
80 327 1
327 80 68
80 198 1
198 80 68
118 97 65
97 118 68
118 181 65
181 118 16
118 120 65
120 118 113
118 168 65
168 118 48
108 118 37
118 108 65
176 118 9
118 176 65
76 118 89
118 76 65
324 110 68
110 324 113
177 174 97
174 177 95
177 65 97
65 177 112
177 250 97
250 177 31
177 71 97
71 177 113
177 176 97
176 177 9
177 142 97
142 177 145
177 118 97
118 177 65
177 19 97
19 177 129
177 145 97
145 177 161
71 177 113
177 71 97
226 177 49
177 226 97
145 177 161
177 145 97
142 177 145
177 142 97
19 177 129
177 19 97
142 174 145
174 142 95
142 152 145
152 142 80
142 145 145
145 142 161
142 167 145
167 142 105
142 322 145
322 142 129
174 142 95
142 174 145
152 142 80
142 152 145
322 142 129
142 322 145
226 142 49
142 226 145
145 142 161
142 145 145
167 142 105
142 167 145
188 142 33
142 188 145
145 153 161
153 145 17
145 176 161
176 145 9
145 322 161
322 145 129
153 145 17
145 153 161
118 145 65
145 118 161
176 145 9
145 176 161
179 145 129
145 179 161
322 145 129
145 322 161
30 126 13
126 30 113
124 126 49
126 124 113
118 85 65
85 118 129
161 85 113
85 161 129
139 85 65
85 139 129
124 85 49
85 124 129
140 85 68
85 140 129
126 85 113
85 126 129
71 176 113
176 71 9
71 118 113
118 71 65
172 71 68
71 172 113
152 71 80
71 152 113
154 71 65
71 154 113
176 71 9
71 176 113
93 71 17
71 93 113
201 249 1
249 201 23
201 135 1
135 201 81
93 201 17
201 93 1
80 201 1
201 80 1
104 96 113
96 104 16
104 224 113
224 104 96
104 153 113
153 104 17
104 181 113
181 104 16
104 195 113
195 104 49
104 131 113
131 104 1
104 158 113
158 104 80
104 135 113
135 104 81
104 217 113
217 104 1
108 104 37
104 108 113
93 104 17
104 93 113
80 104 1
104 80 113
116 187 68
187 116 68
116 100 68
100 116 113
116 138 68
138 116 1
116 75 68
75 116 145
116 135 68
135 116 81
224 116 96
116 224 68
187 116 68
116 187 68
153 116 17
116 153 68
321 116 1
116 321 68
135 116 81
116 135 68
103 116 1
116 103 68
158 116 80
116 158 68
178 116 68
116 178 68
108 116 37
116 108 68
75 116 145
116 75 68
80 116 1
116 80 68
197 116 33
116 197 68
64 116 129
116 64 68
100 116 113
116 100 68
104 116 113
116 104 68
185 116 17
116 185 68
172 175 68
175 172 145
172 256 68
256 172 46
172 308 68
308 172 1
54 89 145
89 54 129
333 89 1
89 333 129
180 89 145
89 180 129
44 89 65
89 44 129
70 155 33
155 70 31
70 98 33
98 70 161
70 128 33
128 70 29
70 15 33
15 70 33
70 131 33
131 70 1
70 132 33
132 70 49
70 271 33
271 70 113
70 133 33
133 70 97
70 135 33
135 70 81
70 169 33
169 70 97
70 121 33
121 70 1
161 70 113
70 161 33
126 70 113
70 126 33
98 70 161
70 98 33
62 70 145
70 62 33
139 70 65
70 139 33
11 70 1
70 11 33
131 70 1
70 131 33
133 70 97
70 133 33
121 70 1
70 121 33
65 9 112
9 65 109
65 131 112
131 65 1
65 301 112
301 65 33
334 65 1
65 334 112
30 65 13
65 30 112
94 65 49
65 94 112
138 65 1
65 138 112
153 65 17
65 153 112
154 65 65
65 154 112
9 65 109
65 9 112
11 65 1
65 11 112
131 65 1
65 131 112
301 65 33
65 301 112
190 65 13
65 190 112
70 65 33
65 70 112
110 65 113
65 110 112
179 65 129
65 179 112
44 8 65
8 44 97
44 32 65
32 44 129
44 212 65
212 44 145
44 48 65
48 44 49
44 265 65
265 44 13
44 46 65
46 44 65
44 298 65
298 44 65
44 266 65
266 44 49
44 49 65
49 44 1
44 37 65
37 44 97
44 22 65
22 44 68
257 44 81
44 257 65
40 44 17
44 40 65
287 44 33
44 287 65
54 44 145
44 54 65
180 297 145
297 180 68
180 335 145
335 180 68
180 8 145
8 180 97
180 303 145
303 180 97
180 32 145
32 180 129
180 72 145
72 180 129
180 259 145
259 180 97
253 180 68
180 253 145
8 180 97
180 8 145
72 180 129
180 72 145
297 180 68
180 297 145
40 180 17
180 40 145
335 180 68
180 335 145
270 98 33
98 270 161
270 124 33
124 270 49
270 65 33
65 270 112
270 109 33
109 270 97
270 70 33
70 270 33
270 123 33
123 270 141
123 270 141
270 123 33
126 270 113
270 126 33
98 270 161
270 98 33
246 65 1
65 246 112
246 107 1
107 246 41
127 98 73
98 127 161
127 129 73
129 127 1
127 106 73
106 127 145
127 107 73
107 127 41
127 108 73
108 127 37
127 109 73
109 127 97
127 132 73
132 127 49
127 275 73
275 127 1
127 161 73
161 127 113
127 84 73
84 127 137
127 134 73
134 127 65
127 117 73
117 127 145
127 135 73
135 127 81
127 121 73
121 127 1
127 123 73
123 127 141
127 85 73
85 127 129
139 127 65
127 139 73
85 127 129
127 85 73
86 65 13
65 86 112
86 107 13
107 86 41
147 86 29
86 147 13
172 86 68
86 172 13
151 86 33
86 151 13
70 86 33
86 70 13
65 86 112
86 65 13
159 86 113
86 159 13
107 86 41
86 107 13
270 86 33
86 270 13
246 86 1
86 246 13
127 86 73
86 127 13
197 62 33
62 197 145
197 98 33
98 197 161
197 65 33
65 197 112
197 107 33
107 197 41
197 153 33
153 197 17
197 132 33
132 197 49
197 110 33
110 197 113
197 159 33
159 197 113
197 166 33
166 197 13
197 76 33
76 197 89
197 84 33
84 197 137
197 86 33
86 197 13
172 197 68
197 172 33
154 197 65
197 154 33
333 266 1
266 333 49
252 333 68
333 252 1
336 333 1
333 336 1
337 333 65
333 337 1
163 9 57
9 163 109
163 164 57
164 163 77
163 65 57
65 163 112
163 107 57
107 163 41
163 15 57
15 163 33
163 131 57
131 163 1
163 109 57
109 163 97
163 132 57
132 163 49
163 72 57
72 163 129
163 133 57
133 163 97
163 134 57
134 163 65
163 135 57
135 163 81
163 301 57
301 163 33
163 169 57
169 163 97
163 280 57
280 163 112
163 123 57
123 163 141
163 86 57
86 163 13
163 185 57
185 163 17
30 163 13
163 30 57
63 338 49
338 63 81
63 9 49
9 63 109
63 189 49
189 63 161
63 69 49
69 63 161
63 330 49
330 63 57
63 73 49
73 63 13
63 74 49
74 63 129
63 77 49
77 63 1
63 87 49
87 63 145
63 339 49
339 63 129
45 63 17
63 45 49
73 63 13
63 73 49
87 63 145
63 87 49
186 63 109
63 186 49
339 338 129
338 339 81
338 339 81
339 338 129
81 9 137
9 81 109
81 65 137
65 81 112
81 70 137
70 81 33
81 77 137
77 81 1
81 120 137
120 81 113
81 87 137
87 81 145
14 81 1
81 14 137
321 81 1
81 321 137
9 81 109
81 9 137
120 81 113
81 120 137
163 81 57
81 163 137
70 81 33
81 70 137
65 81 112
81 65 137
77 81 1
81 77 137
87 81 145
81 87 137
182 88 48
88 182 145
218 88 9
88 218 145
100 88 113
88 100 145
178 88 68
88 178 145
100 182 113
182 100 48
100 227 113
227 100 125
182 100 48
100 182 113
113 100 68
100 113 113
182 103 48
103 182 1
182 308 48
308 182 1
182 313 48
313 182 145
182 114 48
114 182 161
182 81 48
81 182 137
182 219 48
219 182 129
188 182 33
182 188 48
151 182 33
182 151 48
152 322 80
322 152 129
52 34 16
34 52 113
52 244 16
244 52 65
52 25 16
25 52 33
37 52 97
52 37 16
257 52 81
52 257 16
25 52 33
52 25 16
152 174 80
174 152 95
152 308 80
308 152 1
152 132 80
132 152 49
150 152 1
152 150 80
27 9 9
9 27 109
27 41 9
41 27 81
27 10 9
10 27 1
27 12 9
12 27 16
27 42 9
42 27 17
27 65 9
65 27 112
27 190 9
190 27 13
27 17 9
17 27 97
27 49 9
49 27 1
27 22 9
22 27 68
27 25 9
25 27 33
25 27 33
27 25 9
41 27 81
27 41 9
42 27 17
27 42 9
340 47 68
47 340 97
340 341 68
341 340 68
340 59 68
59 340 68
342 340 68
340 342 68
341 340 68
340 341 68
47 340 97
340 47 68
59 340 68
340 59 68
47 49 97
49 47 1
49 47 1
47 49 97
43 47 105
47 43 97
59 55 68
55 59 1
59 47 68
47 59 97
59 49 68
49 59 1
59 50 68
50 59 49
59 58 68
58 59 68
58 59 68
59 58 68
47 59 97
59 47 68
58 209 68
209 58 30
58 55 68
55 58 1
58 27 68
27 58 9
58 49 68
49 58 1
58 50 68
50 58 49
58 37 68
37 58 97
58 52 68
52 58 16
58 51 68
51 58 29
58 39 68
39 58 37
58 25 68
25 58 33
58 343 68
343 58 68
25 58 33
58 25 68
52 58 16
58 52 68
56 58 65
58 56 68
27 58 9
58 27 68
56 55 65
55 56 1
56 35 65
35 56 145
56 286 65
286 56 1
56 37 65
37 56 97
56 39 65
39 56 37
56 25 65
25 56 33
344 343 68
343 344 68
188 130 33
130 188 68
188 111 33
111 188 49
188 72 33
72 188 129
188 166 33
166 188 13
188 93 33
93 188 17
188 217 33
217 188 1
188 322 33
322 188 129
217 188 1
188 217 33
344 345 68
345 344 68
346 344 68
344 346 68
218 182 9
182 218 48
218 195 9
195 218 49
218 227 9
227 218 125
218 69 9
69 218 161
218 74 9
74 218 129
218 75 9
75 218 145
218 122 9
122 218 49
218 201 9
201 218 1
218 347 9
347 218 68
61 218 1
218 61 9
104 218 113
218 104 9
182 218 48
218 182 9
201 218 1
218 201 9
178 314 68
314 178 68
178 4 68
4 178 161
178 181 68
181 178 16
178 280 68
280 178 112
6 178 97
178 6 68
218 178 9
178 218 68
314 178 68
178 314 68
19 127 129
127 19 73
19 98 129
98 19 161
19 12 129
12 19 16
19 348 129
348 19 129
19 175 129
175 19 145
19 329 129
329 19 33
19 104 129
104 19 113
19 349 129
349 19 33
19 231 129
231 19 17
19 270 129
270 19 33
19 67 129
67 19 33
19 34 129
34 19 113
19 111 129
111 19 49
19 70 129
70 19 33
19 72 129
72 19 129
19 184 129
184 19 49
19 17 129
17 19 97
19 142 129
142 19 145
19 118 129
118 19 65
19 246 129
246 19 1
19 144 129
144 19 33
19 36 129
36 19 65
19 49 129
49 19 1
19 25 129
25 19 33
19 43 129
43 19 105
19 350 129
350 19 17
351 19 65
19 351 129
231 19 17
19 231 129
12 19 16
19 12 129
138 19 1
19 138 129
150 19 1
19 150 129
257 19 81
19 257 129
67 19 33
19 67 129
260 19 68
19 260 129
10 19 1
19 10 129
25 19 33
19 25 129
11 19 1
19 11 129
337 19 65
19 337 129
49 19 1
19 49 129
163 19 57
19 163 129
190 19 13
19 190 129
70 19 33
19 70 129
104 19 113
19 104 129
54 19 145
19 54 129
34 19 113
19 34 129
43 19 105
19 43 129
349 19 33
19 349 129
127 19 73
19 127 129
13 19 89
19 13 129
26 19 129
19 26 129
348 19 129
19 348 129
175 19 145
19 175 129
124 19 49
19 124 129
288 19 1
19 288 129
111 19 49
19 111 129
185 19 17
19 185 129
259 19 97
19 259 129
270 19 33
19 270 129
161 19 113
19 161 129
46 19 65
19 46 129
246 19 1
19 246 129
126 19 113
19 126 129
98 19 161
19 98 129
329 19 33
19 329 129
36 19 65
19 36 129
350 19 17
19 350 129
144 19 33
19 144 129
142 19 145
19 142 129
17 19 97
19 17 129
139 19 65
19 139 129
188 19 33
19 188 129
184 19 49
19 184 129
72 19 129
19 72 129
30 19 13
19 30 129
77 98 1
98 77 161
77 68 1
68 77 145
77 109 1
109 77 97
77 122 1
122 77 49
77 123 1
123 77 141
151 77 33
77 151 1
76 77 89
77 76 1
109 77 97
77 109 1
122 77 49
77 122 1
123 77 141
77 123 1
68 77 145
77 68 1
98 77 161
77 98 1
54 8 145
8 54 97
54 317 145
317 54 65
54 303 145
303 54 97
54 32 145
32 54 129
54 212 145
212 54 145
54 55 145
55 54 1
54 35 145
35 54 145
54 352 145
352 54 53
54 48 145
48 54 49
54 57 145
57 54 113
54 259 145
259 54 97
54 213 145
213 54 81
54 298 145
298 54 65
54 266 145
266 54 49
54 49 145
49 54 1
54 37 145
37 54 97
54 22 145
22 54 68
54 51 145
51 54 29
54 43 145
43 54 105
54 319 145
319 54 1
54 350 145
350 54 17
40 54 17
54 40 145
299 54 68
54 299 145
30 54 13
54 30 145
257 54 81
54 257 145
185 9 17
9 185 109
185 70 17
70 185 33
185 184 17
184 185 49
107 62 41
62 107 145
107 98 41
98 107 161
107 131 41
131 107 1
107 84 41
84 107 137
110 107 113
107 110 41
179 107 129
107 179 41
161 107 113
107 161 41
98 107 161
107 98 41
84 107 137
107 84 41
62 107 145
107 62 41
316 107 129
107 316 41
159 107 113
107 159 41
159 9 113
9 159 109
159 147 113
147 159 29
159 110 113
110 159 113
159 161 113
161 159 113
159 133 113
133 159 97
159 135 113
135 159 81
11 159 1
159 11 113
147 159 29
159 147 113
94 159 49
159 94 113
14 159 1
159 14 113
151 164 33
164 151 77
151 101 33
101 151 157
151 181 33
181 151 16
151 215 33
215 151 65
151 75 33
75 151 145
151 135 33
135 151 81
151 120 33
120 151 113
151 219 33
219 151 129
147 15 29
15 147 33
147 138 29
138 147 1
150 147 1
147 150 29
138 147 1
147 138 29
94 147 49
147 94 29
30 147 13
147 30 29
332 347 125
347 332 68
332 88 125
88 332 145
187 332 68
332 187 125
90 67 129
67 90 33
90 116 129
116 90 68
116 90 68
90 116 129
67 90 33
90 67 129
332 90 125
90 332 129
158 96 80
96 158 16
158 124 80
124 158 49
158 181 80
181 158 16
158 195 80
195 158 49
158 227 80
227 158 125
158 148 80
148 158 47
158 167 80
167 158 105
158 122 80
122 158 49
158 83 80
83 158 9
202 314 68
314 202 68
202 195 68
195 202 49
202 122 68
122 202 49
202 347 68
347 202 68
226 162 49
162 226 65
226 97 49
97 226 68
226 104 49
104 226 113
226 71 49
71 226 113
226 76 49
76 226 89
226 116 49
116 226 68
226 120 49
120 226 113
226 83 49
83 226 9
226 84 49
84 226 137
120 226 113
226 120 49
83 226 9
226 83 49
104 226 113
226 104 49
140 68 68
68 140 145
140 109 68
109 140 97
140 135 68
135 140 81
140 169 68
169 140 97
140 123 68
123 140 141
124 141 49
141 124 64
124 98 49
98 124 161
124 128 49
128 124 29
124 106 49
106 124 145
124 109 49
109 124 97
124 117 49
117 124 145
124 119 49
119 124 161
124 120 49
120 124 113
124 123 49
123 124 141
117 124 145
124 117 49
150 124 1
124 150 49
106 124 145
124 106 49
139 141 65
141 139 64
139 129 65
129 139 1
139 132 65
132 139 49
161 278 113
278 161 145
161 275 113
275 161 1
161 72 113
72 161 129
161 84 113
84 161 137
72 161 129
161 72 113
11 161 1
161 11 113
138 161 1
161 138 113
325 178 95
178 325 68
325 96 95
96 325 16
325 147 95
147 325 29
325 224 95
224 325 96
325 76 95
76 325 89
178 325 68
325 178 95
350 348 17
348 350 129
350 353 17
353 350 17
236 49 65
49 236 1
236 24 65
24 236 17
24 236 17
236 24 65
13 42 89
42 13 17
13 36 89
36 13 65
13 21 89
21 13 1
13 37 89
37 13 97
13 23 89
23 13 15
45 13 17
13 45 89
36 13 65
13 36 89
179 130 129
130 179 68
179 153 129
153 179 17
179 275 129
275 179 1
106 117 145
117 106 145
117 106 145
106 117 145
153 130 17
130 153 68
153 135 17
135 153 81
153 169 17
169 153 97
11 153 1
153 11 17
130 153 68
153 130 17
157 131 97
131 157 1
157 169 97
169 157 97
157 123 97
123 157 141
157 86 97
86 157 13
188 157 33
157 188 97
172 157 68
157 172 97
11 157 1
157 11 97
130 109 68
109 130 97
130 169 68
169 130 97
83 11 9
11 83 1
83 108 9
108 83 37
83 111 9
111 83 49
83 306 9
306 83 1
83 82 9
82 83 1
83 219 9
219 83 129
105 83 1
83 105 9
219 83 129
83 219 9
155 83 31
83 155 9
305 83 112
83 305 9
306 83 1
83 306 9
103 83 1
83 103 9
111 83 49
83 111 9
148 83 47
83 148 9
108 83 37
83 108 9
82 83 1
83 82 9
11 83 1
83 11 9
120 175 113
175 120 145
120 102 113
102 120 63
120 308 113
308 120 1
120 111 113
111 120 49
120 306 113
306 120 1
120 114 113
114 120 161
120 143 113
143 120 145
175 120 145
120 175 113
111 120 49
120 111 113
162 120 65
120 162 113
103 120 1
120 103 113
306 120 1
120 306 113
308 120 1
120 308 113
336 320 1
320 336 68
336 22 1
22 336 68
336 319 1
319 336 1
45 245 17
245 45 113
45 352 17
352 45 53
45 291 17
291 45 49
45 36 17
36 45 65
45 49 17
49 45 1
45 50 17
50 45 49
45 37 17
37 45 97
354 266 81
266 354 49
355 354 68
354 355 81
356 354 68
354 356 81
31 8 79
8 31 97
31 44 79
44 31 65
31 288 79
288 31 1
31 32 79
32 31 129
31 284 79
284 31 129
31 48 79
48 31 49
31 213 79
213 31 81
31 298 79
298 31 65
31 266 79
266 31 49
31 50 79
50 31 49
31 37 79
37 31 97
31 323 79
323 31 157
31 51 79
51 31 29
31 43 79
43 31 105
299 31 68
31 299 79
257 31 81
31 257 79
40 31 17
31 40 79
288 31 1
31 288 79
219 312 129
312 219 16
94 219 49
219 94 129
195 219 49
219 195 129
311 219 1
219 311 129
312 219 16
219 312 129
165 219 15
219 165 129
195 295 49
295 195 68
195 64 49
64 195 129
195 122 49
122 195 49
122 195 49
195 122 49
186 195 109
195 186 49
64 195 129
195 64 49
357 195 145
195 357 49
137 131 65
131 137 1
137 114 65
114 137 161
137 169 65
169 137 97
308 137 1
137 308 65
307 2 68
2 307 145
82 111 1
111 82 49
82 306 1
306 82 1
173 82 68
82 173 1
111 82 49
82 111 1
103 96 1
96 103 16
103 97 1
97 103 68
103 155 1
155 103 31
103 174 1
174 103 95
103 102 1
102 103 63
103 131 1
131 103 1
103 109 1
109 103 97
103 313 1
313 103 145
103 169 1
169 103 97
109 103 97
103 109 1
110 103 113
103 110 1
131 164 1
164 131 77
131 215 1
215 131 65
131 271 1
271 131 113
131 135 1
135 131 81
131 143 1
143 131 145
131 168 1
168 131 48
131 169 1
169 131 97
143 131 145
131 143 1
135 131 81
131 135 1
156 131 57
131 156 1
168 131 48
131 168 1
169 131 97
131 169 1
121 131 1
131 121 1
26 131 129
131 26 1
53 190 97
190 53 13
53 21 97
21 53 1
284 53 129
53 284 97
190 53 13
53 190 97
212 266 145
266 212 49
252 212 68
212 252 145
198 138 68
138 198 1
198 181 68
181 198 16
198 199 68
199 198 68
233 198 161
198 233 68
57 288 113
288 57 1
57 352 113
352 57 53
288 57 1
57 288 113
303 244 97
244 303 65
26 303 129
303 26 97
286 244 1
244 286 65
35 286 145
286 35 1
277 256 161
256 277 46
277 114 161
114 277 161
256 277 46
277 256 161
114 277 161
277 114 161
134 164 65
164 134 77
134 215 65
215 134 65
164 215 77
215 164 65
215 164 65
164 215 77
128 215 29
215 128 65
114 128 161
128 114 29
284 298 129
298 284 65
284 244 129
244 284 65
298 284 65
284 298 129
35 282 145
282 35 57
348 231 129
231 348 17
348 353 129
353 348 17
26 256 129
256 26 46
26 15 129
15 26 33
26 181 129
181 26 16
26 250 129
250 26 31
26 75 129
75 26 145
25 10 33
10 25 1
25 34 33
34 25 113
25 16 33
16 25 1
25 17 33
17 25 97
25 261 33
261 25 81
25 49 33
49 25 1
25 37 33
37 25 97
25 22 33
22 25 68
25 262 33
262 25 17
25 24 33
24 25 17
25 43 33
43 25 105
209 25 30
25 209 33
262 25 17
25 262 33
261 25 81
25 261 33
317 25 65
25 317 33
41 25 81
25 41 33
211 25 113
25 211 33
42 25 17
25 42 33
34 25 113
25 34 33
55 25 1
25 55 33
37 25 97
25 37 33
354 25 81
25 354 33
22 25 68
25 22 33
213 25 81
25 213 33
17 25 97
25 17 33
24 25 17
25 24 33
49 25 1
25 49 33
16 25 1
25 16 33
43 25 105
25 43 33
10 25 1
25 10 33
358 334 68
334 358 1
359 360 68
360 359 68
360 359 68
359 360 68
361 362 68
362 361 68
359 362 68
362 359 68
362 363 68
363 362 68
360 364 68
364 360 68
365 360 68
360 365 68
365 366 68
366 365 68
309 363 68
363 309 68
363 309 68
309 363 68
367 368 68
368 367 68
368 367 68
367 368 68
369 370 68
370 369 68
254 370 68
370 254 68
254 371 68
371 254 68
371 254 68
254 371 68
370 254 68
254 370 68
372 367 68
367 372 68
367 372 68
372 367 68
229 372 68
372 229 68
372 229 68
229 372 68
369 373 68
373 369 68
373 369 68
369 373 68
374 368 68
368 374 68
374 375 68
375 374 68
375 374 68
374 375 68
376 375 68
375 376 68
