1 2 1
2 1 1
3 4 1
4 3 1
3 5 1
5 3 1
4 3 1
3 4 1
5 3 1
3 5 1
6 3 1
3 6 1
6 5 1
5 6 1
5 6 1
6 5 1
3 6 1
6 3 1
7 8 1
8 7 1
7 9 1
9 7 1
7 10 1
10 7 1
7 11 1
11 7 1
7 12 1
12 7 1
7 13 1
13 7 1
7 14 1
14 7 1
7 15 1
15 7 1
7 16 1
16 7 1
7 17 1
17 7 1
7 18 1
18 7 1
7 19 1
19 7 1
7 20 1
20 7 1
7 21 1
21 7 1
7 22 1
22 7 1
7 23 1
23 7 1
7 24 1
24 7 1
7 25 1
25 7 1
26 7 1
7 26 1
18 7 1
7 18 1
20 7 1
7 20 1
27 7 1
7 27 1
22 7 1
7 22 1
24 7 1
7 24 1
19 7 1
7 19 1
28 7 1
7 28 1
16 7 1
7 16 1
29 7 1
7 29 1
10 7 1
7 10 1
25 7 1
7 25 1
11 7 1
7 11 1
30 7 1
7 30 1
17 7 1
7 17 1
20 8 1
8 20 1
20 31 1
31 20 1
20 32 1
32 20 1
20 33 1
33 20 1
20 34 1
34 20 1
20 35 1
35 20 1
20 36 1
36 20 1
20 37 1
37 20 1
20 38 1
38 20 1
20 39 1
39 20 1
20 25 1
25 20 1
40 20 1
20 40 1
10 20 1
20 10 1
25 20 1
20 25 1
39 20 1
20 39 1
41 20 1
20 41 1
42 20 1
20 42 1
8 20 1
20 8 1
34 20 1
20 34 1
43 20 1
20 43 1
16 20 1
20 16 1
37 20 1
20 37 1
13 20 1
20 13 1
35 20 1
20 35 1
44 20 1
20 44 1
27 20 1
20 27 1
45 20 1
20 45 1
32 20 1
20 32 1
46 20 1
20 46 1
36 20 1
20 36 1
38 20 1
20 38 1
31 20 1
20 31 1
33 20 1
20 33 1
33 32 1
32 33 1
33 47 1
47 33 1
33 48 1
48 33 1
33 36 1
36 33 1
33 21 1
21 33 1
33 49 1
49 33 1
33 50 1
50 33 1
33 22 1
22 33 1
33 51 1
51 33 1
10 33 1
33 10 1
52 33 1
33 52 1
21 33 1
33 21 1
53 33 1
33 53 1
41 33 1
33 41 1
51 33 1
33 51 1
54 33 1
33 54 1
42 33 1
33 42 1
8 33 1
33 8 1
43 33 1
33 43 1
55 33 1
33 55 1
56 33 1
33 56 1
57 33 1
33 57 1
58 33 1
33 58 1
59 33 1
33 59 1
27 33 1
33 27 1
48 33 1
33 48 1
38 33 1
33 38 1
45 33 1
33 45 1
47 33 1
33 47 1
22 33 1
33 22 1
46 33 1
33 46 1
36 33 1
33 36 1
49 33 1
33 49 1
50 33 1
33 50 1
32 33 1
33 32 1
60 9 1
9 60 1
60 61 1
61 60 1
60 62 1
62 60 1
60 63 1
63 60 1
60 64 1
64 60 1
60 11 1
11 60 1
60 65 1
65 60 1
60 66 1
66 60 1
60 67 1
67 60 1
60 68 1
68 60 1
60 69 1
69 60 1
60 70 1
70 60 1
60 71 1
71 60 1
60 72 1
72 60 1
60 73 1
73 60 1
60 74 1
74 60 1
60 75 1
75 60 1
60 76 1
76 60 1
60 77 1
77 60 1
60 19 1
19 60 1
60 78 1
78 60 1
60 79 1
79 60 1
60 80 1
80 60 1
60 81 1
81 60 1
60 82 1
82 60 1
60 83 1
83 60 1
60 84 1
84 60 1
60 85 1
85 60 1
60 86 1
86 60 1
60 87 1
87 60 1
60 88 1
88 60 1
60 89 1
89 60 1
60 90 1
90 60 1
60 91 1
91 60 1
60 92 1
92 60 1
83 60 1
60 83 1
11 60 1
60 11 1
93 60 1
60 93 1
30 60 1
60 30 1
94 60 1
60 94 1
95 96 1
96 95 1
95 97 1
97 95 1
95 62 1
62 95 1
95 98 1
98 95 1
95 99 1
99 95 1
95 100 1
100 95 1
95 101 1
101 95 1
95 102 1
102 95 1
95 103 1
103 95 1
95 104 1
104 95 1
95 105 1
105 95 1
95 66 1
66 95 1
95 106 1
106 95 1
95 107 1
107 95 1
95 108 1
108 95 1
95 109 1
109 95 1
95 110 1
110 95 1
95 111 1
111 95 1
95 112 1
112 95 1
95 113 1
113 95 1
95 114 1
114 95 1
95 75 1
75 95 1
95 115 1
115 95 1
95 116 1
116 95 1
95 117 1
117 95 1
95 118 1
118 95 1
95 78 1
78 95 1
95 79 1
79 95 1
95 119 1
119 95 1
95 120 1
120 95 1
95 121 1
121 95 1
95 122 1
122 95 1
95 80 1
80 95 1
95 83 1
83 95 1
95 123 1
123 95 1
95 84 1
84 95 1
95 85 1
85 95 1
95 88 1
88 95 1
106 95 1
95 106 1
30 95 1
95 30 1
113 95 1
95 113 1
124 95 1
95 124 1
83 95 1
95 83 1
112 95 1
95 112 1
111 95 1
95 111 1
78 95 1
95 78 1
104 95 1
95 104 1
94 95 1
95 94 1
125 126 1
126 125 1
125 127 1
127 125 1
125 98 1
98 125 1
125 11 1
11 125 1
125 128 1
128 125 1
125 103 1
103 125 1
125 65 1
65 125 1
125 104 1
104 125 1
125 129 1
129 125 1
125 106 1
106 125 1
125 107 1
107 125 1
125 15 1
15 125 1
125 130 1
130 125 1
125 108 1
108 125 1
125 131 1
131 125 1
125 109 1
109 125 1
125 132 1
132 125 1
125 110 1
110 125 1
125 70 1
70 125 1
125 133 1
133 125 1
125 134 1
134 125 1
125 117 1
117 125 1
125 135 1
135 125 1
125 118 1
118 125 1
125 77 1
77 125 1
125 19 1
19 125 1
125 78 1
78 125 1
125 136 1
136 125 1
125 79 1
79 125 1
125 119 1
119 125 1
125 121 1
121 125 1
125 137 1
137 125 1
125 123 1
123 125 1
125 85 1
85 125 1
125 86 1
86 125 1
138 125 1
125 138 1
139 125 1
125 139 1
104 125 1
125 104 1
136 125 1
125 136 1
112 125 1
125 112 1
11 125 1
125 11 1
30 125 1
125 30 1
126 125 1
125 126 1
85 125 1
125 85 1
140 125 1
125 140 1
78 125 1
125 78 1
94 125 1
125 94 1
79 141 1
141 79 1
79 98 1
98 79 1
79 65 1
65 79 1
79 68 1
68 79 1
79 131 1
131 79 1
79 109 1
109 79 1
79 112 1
112 79 1
79 117 1
117 79 1
79 142 1
142 79 1
79 143 1
143 79 1
79 77 1
77 79 1
79 144 1
144 79 1
79 19 1
19 79 1
79 145 1
145 79 1
79 123 1
123 79 1
146 79 1
79 146 1
147 79 1
79 147 1
99 79 1
79 99 1
148 79 1
79 148 1
128 79 1
79 128 1
149 79 1
79 149 1
150 79 1
79 150 1
151 79 1
79 151 1
152 79 1
79 152 1
153 79 1
79 153 1
118 79 1
79 118 1
134 79 1
79 134 1
154 79 1
79 154 1
11 79 1
79 11 1
143 79 1
79 143 1
155 79 1
79 155 1
156 79 1
79 156 1
120 79 1
79 120 1
137 79 1
79 137 1
103 79 1
79 103 1
157 79 1
79 157 1
65 79 1
79 65 1
158 79 1
79 158 1
159 79 1
79 159 1
160 79 1
79 160 1
109 79 1
79 109 1
108 79 1
79 108 1
127 79 1
79 127 1
77 79 1
79 77 1
124 79 1
79 124 1
161 79 1
79 161 1
112 79 1
79 112 1
123 79 1
79 123 1
68 79 1
79 68 1
98 79 1
79 98 1
162 79 1
79 162 1
145 79 1
79 145 1
144 79 1
79 144 1
117 79 1
79 117 1
142 79 1
79 142 1
19 79 1
79 19 1
141 79 1
79 141 1
70 79 1
79 70 1
131 79 1
79 131 1
78 79 1
79 78 1
136 79 1
79 136 1
163 79 1
79 163 1
136 164 1
164 136 1
136 11 1
11 136 1
136 165 1
165 136 1
136 129 1
129 136 1
136 15 1
15 136 1
136 130 1
130 136 1
136 131 1
131 136 1
136 109 1
109 136 1
136 132 1
132 136 1
136 112 1
112 136 1
136 166 1
166 136 1
136 114 1
114 136 1
136 117 1
117 136 1
136 19 1
19 136 1
136 119 1
119 136 1
136 167 1
167 136 1
136 168 1
168 136 1
136 169 1
169 136 1
136 82 1
82 136 1
136 170 1
170 136 1
136 171 1
171 136 1
132 136 1
136 132 1
120 136 1
136 120 1
94 136 1
136 94 1
172 136 1
136 172 1
82 136 1
136 82 1
158 136 1
136 158 1
112 136 1
136 112 1
167 136 1
136 167 1
30 136 1
136 30 1
129 136 1
136 129 1
11 136 1
136 11 1
112 173 1
173 112 1
112 97 1
97 112 1
112 98 1
98 112 1
112 124 1
124 112 1
112 100 1
100 112 1
112 174 1
174 112 1
112 175 1
175 112 1
112 152 1
152 112 1
112 161 1
161 112 1
112 72 1
72 112 1
112 176 1
176 112 1
112 116 1
116 112 1
112 142 1
142 112 1
112 118 1
118 112 1
112 19 1
19 112 1
112 145 1
145 112 1
112 120 1
120 112 1
112 167 1
167 112 1
112 123 1
123 112 1
112 88 1
88 112 1
112 177 1
177 112 1
178 112 1
112 178 1
124 112 1
112 124 1
177 112 1
112 177 1
179 112 1
112 179 1
67 112 1
112 67 1
138 112 1
112 138 1
161 112 1
112 161 1
152 112 1
112 152 1
174 112 1
112 174 1
173 112 1
112 173 1
87 163 1
163 87 1
87 77 1
77 87 1
163 87 1
87 163 1
77 87 1
87 77 1
67 180 1
180 67 1
67 9 1
9 67 1
67 11 1
11 67 1
67 181 1
181 67 1
67 182 1
182 67 1
67 183 1
183 67 1
67 72 1
72 67 1
67 184 1
184 67 1
67 135 1
135 67 1
67 77 1
77 67 1
67 169 1
169 67 1
67 81 1
81 67 1
67 185 1
185 67 1
67 88 1
88 67 1
67 89 1
89 67 1
184 67 1
67 184 1
120 67 1
67 120 1
163 67 1
67 163 1
186 67 1
67 186 1
72 67 1
67 72 1
14 67 1
67 14 1
187 67 1
67 187 1
182 67 1
67 182 1
81 67 1
67 81 1
181 67 1
67 181 1
77 67 1
67 77 1
188 67 1
67 188 1
94 67 1
67 94 1
11 67 1
67 11 1
185 67 1
67 185 1
180 67 1
67 180 1
43 41 1
41 43 1
43 189 1
189 43 1
43 190 1
190 43 1
43 32 1
32 43 1
43 34 1
34 43 1
43 55 1
55 43 1
43 48 1
48 43 1
43 17 1
17 43 1
43 191 1
191 43 1
43 49 1
49 43 1
43 22 1
22 43 1
191 43 1
43 191 1
10 43 1
43 10 1
17 43 1
43 17 1
41 43 1
43 41 1
48 43 1
43 48 1
45 43 1
43 45 1
32 43 1
43 32 1
192 183 1
183 192 1
193 61 1
61 193 1
193 11 1
11 193 1
193 100 1
100 193 1
193 194 1
194 193 1
193 104 1
104 193 1
193 152 1
152 193 1
193 153 1
153 193 1
193 182 1
182 193 1
193 195 1
195 193 1
193 196 1
196 193 1
193 111 1
111 193 1
193 166 1
166 193 1
193 113 1
113 193 1
193 197 1
197 193 1
193 116 1
116 193 1
193 118 1
118 193 1
193 198 1
198 193 1
193 199 1
199 193 1
193 136 1
136 193 1
193 200 1
200 193 1
193 201 1
201 193 1
193 202 1
202 193 1
193 203 1
203 193 1
193 204 1
204 193 1
193 205 1
205 193 1
206 193 1
193 206 1
202 193 1
193 202 1
100 193 1
193 100 1
158 193 1
193 158 1
201 193 1
193 201 1
104 193 1
193 104 1
203 193 1
193 203 1
207 208 1
208 207 1
49 209 1
209 49 1
49 34 1
34 49 1
49 21 1
21 49 1
49 22 1
22 49 1
49 51 1
51 49 1
210 49 1
49 210 1
53 49 1
49 53 1
211 49 1
49 211 1
51 49 1
49 51 1
42 49 1
49 42 1
8 49 1
49 8 1
34 49 1
49 34 1
55 49 1
49 55 1
37 49 1
49 37 1
22 49 1
49 22 1
212 49 1
49 212 1
213 49 1
49 213 1
181 214 1
214 181 1
11 164 1
164 11 1
11 146 1
146 11 1
11 14 1
14 11 1
11 129 1
129 11 1
11 15 1
15 11 1
11 181 1
181 11 1
11 215 1
215 11 1
11 216 1
216 11 1
11 135 1
135 11 1
11 119 1
119 11 1
11 168 1
168 11 1
11 217 1
217 11 1
11 82 1
82 11 1
154 11 1
11 154 1
14 11 1
11 14 1
217 11 1
11 217 1
82 11 1
11 82 1
129 11 1
11 129 1
205 218 1
218 205 1
205 116 1
116 205 1
205 200 1
200 205 1
205 219 1
219 205 1
205 196 1
196 205 1
218 205 1
205 218 1
116 205 1
205 116 1
104 205 1
205 104 1
220 205 1
205 220 1
203 205 1
205 203 1
194 205 1
205 194 1
196 205 1
205 196 1
200 205 1
205 200 1
221 222 1
222 221 1
221 223 1
223 221 1
222 221 1
221 222 1
200 178 1
178 200 1
200 61 1
61 200 1
200 104 1
104 200 1
200 224 1
224 200 1
200 116 1
116 200 1
200 19 1
19 200 1
200 201 1
201 200 1
200 90 1
90 200 1
116 200 1
200 116 1
218 200 1
200 218 1
224 200 1
200 224 1
187 200 1
200 187 1
178 200 1
200 178 1
60 200 1
200 60 1
161 200 1
200 161 1
112 200 1
200 112 1
186 200 1
200 186 1
203 200 1
200 203 1
61 200 1
200 61 1
67 200 1
200 67 1
201 200 1
200 201 1
19 200 1
200 19 1
138 200 1
200 138 1
90 200 1
200 90 1
104 200 1
200 104 1
225 200 1
200 225 1
64 200 1
200 64 1
196 61 1
61 196 1
196 104 1
104 196 1
196 224 1
224 196 1
196 153 1
153 196 1
196 67 1
67 196 1
196 72 1
72 196 1
196 116 1
116 196 1
196 137 1
137 196 1
196 201 1
201 196 1
196 202 1
202 196 1
196 90 1
90 196 1
90 196 1
196 90 1
188 196 1
196 188 1
72 196 1
196 72 1
226 196 1
196 226 1
67 196 1
196 67 1
104 196 1
196 104 1
194 220 1
220 194 1
194 96 1
96 194 1
194 104 1
104 194 1
194 66 1
66 194 1
194 227 1
227 194 1
194 218 1
218 194 1
194 201 1
201 194 1
188 194 1
194 188 1
26 194 1
194 26 1
228 229 1
229 228 1
229 228 1
228 229 1
96 181 1
181 96 1
203 220 1
220 203 1
203 61 1
61 203 1
203 104 1
104 203 1
203 227 1
227 203 1
203 158 1
158 203 1
203 75 1
75 203 1
203 218 1
218 203 1
203 116 1
116 203 1
203 198 1
198 203 1
203 19 1
19 203 1
203 80 1
80 203 1
203 201 1
201 203 1
203 88 1
88 203 1
230 203 1
203 230 1
231 232 1
232 231 1
232 231 1
231 232 1
220 104 1
104 220 1
220 75 1
75 220 1
220 80 1
80 220 1
104 220 1
220 104 1
76 220 1
220 76 1
225 220 1
220 225 1
75 220 1
220 75 1
80 220 1
220 80 1
233 220 1
220 233 1
234 28 1
28 234 1
234 41 1
41 234 1
234 46 1
46 234 1
234 235 1
235 234 1
234 191 1
191 234 1
234 236 1
236 234 1
234 24 1
24 234 1
234 43 1
43 234 1
234 237 1
237 234 1
235 234 1
234 235 1
41 234 1
234 41 1
43 234 1
234 43 1
46 234 1
234 46 1
237 234 1
234 237 1
238 234 1
234 238 1
24 234 1
234 24 1
236 234 1
234 236 1
191 234 1
234 191 1
28 234 1
234 28 1
237 10 1
10 237 1
237 13 1
13 237 1
237 7 1
7 237 1
237 239 1
239 237 1
237 17 1
17 237 1
237 235 1
235 237 1
237 240 1
240 237 1
237 19 1
19 237 1
237 50 1
50 237 1
237 24 1
24 237 1
237 241 1
241 237 1
237 242 1
242 237 1
190 237 1
237 190 1
50 237 1
237 50 1
43 237 1
237 43 1
13 237 1
237 13 1
27 237 1
237 27 1
45 237 1
237 45 1
24 237 1
237 24 1
17 237 1
237 17 1
19 237 1
237 19 1
242 237 1
237 242 1
28 237 1
237 28 1
7 237 1
237 7 1
238 237 1
237 238 1
239 237 1
237 239 1
241 237 1
237 241 1
240 237 1
237 240 1
243 237 1
237 243 1
235 237 1
237 235 1
235 9 1
9 235 1
235 41 1
41 235 1
235 10 1
10 235 1
235 243 1
243 235 1
235 42 1
42 235 1
235 13 1
13 235 1
235 190 1
190 235 1
235 32 1
32 235 1
235 33 1
33 235 1
235 7 1
7 235 1
235 239 1
239 235 1
235 46 1
46 235 1
235 17 1
17 235 1
235 18 1
18 235 1
235 240 1
240 235 1
235 213 1
213 235 1
235 19 1
19 235 1
235 36 1
36 235 1
235 21 1
21 235 1
235 244 1
244 235 1
235 52 1
52 235 1
235 23 1
23 235 1
235 24 1
24 235 1
235 25 1
25 235 1
235 43 1
43 235 1
235 241 1
241 235 1
28 235 1
235 28 1
239 235 1
235 239 1
52 235 1
235 52 1
238 235 1
235 238 1
30 235 1
235 30 1
46 235 1
235 46 1
43 235 1
235 43 1
41 235 1
235 41 1
243 235 1
235 243 1
7 235 1
235 7 1
243 9 1
9 243 1
243 10 1
10 243 1
243 13 1
13 243 1
243 7 1
7 243 1
243 240 1
240 243 1
243 22 1
22 243 1
243 23 1
23 243 1
243 24 1
24 243 1
243 25 1
25 243 1
243 43 1
43 243 1
243 241 1
241 243 1
28 243 1
243 28 1
239 243 1
243 239 1
7 243 1
243 7 1
10 243 1
243 10 1
240 9 1
9 240 1
240 63 1
63 240 1
240 245 1
245 240 1
240 7 1
7 240 1
240 76 1
76 240 1
240 46 1
46 240 1
240 17 1
17 240 1
240 24 1
24 240 1
240 43 1
43 240 1
240 241 1
241 240 1
7 240 1
240 7 1
10 240 1
240 10 1
9 240 1
240 9 1
239 240 1
240 239 1
163 240 1
240 163 1
190 240 1
240 190 1
41 240 1
240 41 1
76 240 1
240 76 1
43 240 1
240 43 1
160 240 1
240 160 1
93 240 1
240 93 1
63 240 1
240 63 1
185 240 1
240 185 1
27 240 1
240 27 1
46 240 1
240 46 1
246 240 1
240 246 1
238 240 1
240 238 1
24 240 1
240 24 1
241 240 1
240 241 1
245 240 1
240 245 1
17 240 1
240 17 1
139 240 1
240 139 1
247 216 1
216 247 1
247 248 1
248 247 1
199 249 1
249 199 1
176 174 1
174 176 1
176 250 1
250 176 1
176 114 1
114 176 1
146 97 1
97 146 1
251 146 1
146 251 1
150 174 1
174 150 1
174 150 1
150 174 1
141 68 1
68 141 1
141 114 1
114 141 1
141 117 1
117 141 1
68 141 1
141 68 1
117 141 1
141 117 1
252 253 1
253 252 1
253 252 1
252 253 1
254 252 1
252 254 1
255 174 1
174 255 1
113 256 1
256 113 1
256 113 1
113 256 1
241 7 1
7 241 1
241 24 1
24 241 1
241 25 1
25 241 1
7 241 1
241 7 1
257 241 1
241 257 1
10 241 1
241 10 1
25 241 1
241 25 1
239 241 1
241 239 1
54 241 1
241 54 1
43 241 1
241 43 1
16 241 1
241 16 1
13 241 1
241 13 1
258 241 1
241 258 1
259 241 1
241 259 1
44 241 1
241 44 1
27 241 1
241 27 1
46 241 1
241 46 1
24 241 1
241 24 1
236 241 1
241 236 1
30 241 1
241 30 1
260 241 1
241 260 1
239 28 1
28 239 1
239 12 1
12 239 1
239 209 1
209 239 1
239 33 1
33 239 1
239 34 1
34 239 1
239 7 1
7 239 1
239 17 1
17 239 1
239 18 1
18 239 1
239 20 1
20 239 1
239 261 1
261 239 1
239 244 1
244 239 1
239 262 1
262 239 1
239 25 1
25 239 1
10 239 1
239 10 1
7 239 1
239 7 1
28 239 1
239 28 1
263 264 1
264 263 1
264 263 1
263 264 1
228 263 1
263 228 1
35 265 1
265 35 1
238 9 1
9 238 1
238 190 1
190 238 1
238 32 1
32 238 1
238 33 1
33 238 1
238 7 1
7 238 1
238 40 1
40 238 1
238 46 1
46 238 1
238 264 1
264 238 1
238 213 1
213 238 1
238 19 1
19 238 1
238 266 1
266 238 1
238 236 1
236 238 1
238 49 1
49 238 1
238 50 1
50 238 1
238 38 1
38 238 1
238 25 1
25 238 1
238 89 1
89 238 1
61 181 1
181 61 1
138 15 1
15 138 1
138 110 1
110 138 1
28 10 1
10 28 1
28 13 1
13 28 1
28 17 1
17 28 1
28 20 1
20 28 1
28 24 1
24 28 1
28 25 1
25 28 1
28 43 1
43 28 1
24 28 1
28 24 1
10 28 1
28 10 1
267 242 1
242 267 1
29 164 1
164 29 1
29 126 1
126 29 1
29 147 1
147 29 1
29 98 1
98 29 1
29 11 1
11 29 1
29 99 1
99 29 1
29 128 1
128 29 1
29 65 1
65 29 1
29 268 1
268 29 1
29 14 1
14 29 1
29 269 1
269 29 1
29 270 1
270 29 1
29 15 1
15 29 1
29 131 1
131 29 1
29 109 1
109 29 1
29 132 1
132 29 1
29 70 1
70 29 1
29 271 1
271 29 1
29 133 1
133 29 1
29 117 1
117 29 1
29 135 1
135 29 1
29 19 1
19 29 1
29 136 1
136 29 1
29 119 1
119 29 1
29 93 1
93 29 1
29 169 1
169 29 1
29 272 1
272 29 1
29 82 1
82 29 1
29 123 1
123 29 1
29 85 1
85 29 1
29 86 1
86 29 1
29 273 1
273 29 1
273 29 1
29 273 1
30 29 1
29 30 1
136 29 1
29 136 1
94 29 1
29 94 1
11 29 1
29 11 1
70 29 1
29 70 1
274 134 1
134 274 1
134 274 1
274 134 1
135 96 1
96 135 1
135 164 1
164 135 1
96 135 1
135 96 1
224 135 1
135 224 1
275 135 1
135 275 1
164 135 1
135 164 1
134 135 1
135 134 1
110 135 1
135 110 1
156 164 1
164 156 1
156 135 1
135 156 1
169 164 1
164 169 1
169 128 1
128 169 1
169 274 1
274 169 1
169 135 1
135 169 1
128 169 1
169 128 1
164 169 1
169 164 1
134 169 1
169 134 1
274 169 1
169 274 1
135 169 1
169 135 1
156 169 1
169 156 1
109 110 1
110 109 1
146 109 1
109 146 1
156 109 1
109 156 1
110 109 1
109 110 1
273 272 1
272 273 1
276 273 1
273 276 1
206 273 1
273 206 1
272 273 1
273 272 1
121 277 1
277 121 1
121 247 1
247 121 1
121 109 1
109 121 1
121 114 1
114 121 1
109 121 1
121 109 1
278 121 1
121 278 1
277 121 1
121 277 1
133 164 1
164 133 1
133 141 1
141 133 1
133 121 1
121 133 1
141 133 1
133 141 1
121 133 1
133 121 1
166 97 1
97 166 1
166 114 1
114 166 1
162 256 1
256 162 1
162 113 1
113 162 1
154 97 1
97 154 1
154 146 1
146 154 1
154 277 1
277 154 1
154 114 1
114 154 1
251 154 1
154 251 1
62 166 1
166 62 1
132 277 1
277 132 1
132 62 1
62 132 1
132 114 1
114 132 1
132 133 1
133 132 1
132 121 1
121 132 1
154 132 1
132 154 1
114 132 1
132 114 1
62 132 1
132 62 1
133 132 1
132 133 1
121 132 1
132 121 1
277 132 1
132 277 1
271 164 1
164 271 1
271 174 1
174 271 1
271 15 1
15 271 1
271 279 1
279 271 1
271 169 1
169 271 1
169 271 1
271 169 1
15 271 1
271 15 1
164 271 1
271 164 1
143 97 1
97 143 1
143 181 1
181 143 1
143 215 1
215 143 1
143 271 1
271 143 1
154 143 1
143 154 1
156 143 1
143 156 1
141 143 1
143 141 1
280 214 1
214 280 1
271 280 1
280 271 1
143 280 1
280 143 1
255 168 1
168 255 1
113 168 1
168 113 1
224 168 1
168 224 1
217 166 1
166 217 1
217 271 1
271 217 1
281 282 1
282 281 1
282 281 1
281 282 1
272 179 1
179 272 1
272 206 1
206 272 1
272 62 1
62 272 1
272 98 1
98 272 1
272 99 1
99 272 1
272 14 1
14 272 1
272 129 1
129 272 1
272 132 1
132 272 1
272 166 1
166 272 1
272 118 1
118 272 1
272 78 1
78 272 1
272 136 1
136 272 1
272 79 1
79 272 1
272 123 1
123 272 1
272 86 1
86 272 1
99 272 1
272 99 1
166 272 1
272 166 1
70 272 1
272 70 1
179 272 1
272 179 1
123 272 1
272 123 1
162 272 1
272 162 1
78 272 1
272 78 1
112 272 1
272 112 1
136 272 1
272 136 1
182 272 1
272 182 1
154 272 1
272 154 1
62 272 1
272 62 1
132 272 1
272 132 1
129 272 1
272 129 1
206 272 1
272 206 1
206 179 1
179 206 1
206 98 1
98 206 1
206 11 1
11 206 1
206 99 1
99 206 1
206 125 1
125 206 1
206 129 1
129 206 1
206 152 1
152 206 1
206 182 1
182 206 1
206 132 1
132 206 1
206 70 1
70 206 1
206 166 1
166 206 1
206 197 1
197 206 1
206 19 1
19 206 1
206 78 1
78 206 1
206 136 1
136 206 1
206 167 1
167 206 1
206 283 1
283 206 1
206 85 1
85 206 1
11 206 1
206 11 1
266 284 1
284 266 1
8 285 1
285 8 1
8 284 1
284 8 1
8 286 1
286 8 1
285 8 1
8 285 1
287 8 1
8 287 1
8 287 1
287 8 1
288 8 1
8 288 1
288 266 1
266 288 1
288 217 1
217 288 1
8 288 1
288 8 1
289 288 1
288 289 1
217 288 1
288 217 1
290 276 1
276 290 1
21 190 1
190 21 1
190 21 1
21 190 1
50 291 1
291 50 1
291 50 1
50 291 1
23 21 1
21 23 1
23 50 1
50 23 1
21 23 1
23 21 1
50 23 1
23 50 1
290 292 1
292 290 1
290 293 1
293 290 1
293 290 1
290 293 1
186 294 1
294 186 1
186 74 1
74 186 1
186 184 1
184 186 1
186 76 1
76 186 1
64 224 1
224 64 1
64 198 1
198 64 1
122 295 1
295 122 1
122 198 1
198 122 1
198 122 1
122 198 1
295 122 1
122 295 1
186 122 1
122 186 1
64 122 1
122 64 1
292 293 1
293 292 1
296 212 1
212 296 1
212 296 1
296 212 1
40 297 1
297 40 1
40 8 1
8 40 1
40 287 1
287 40 1
40 288 1
288 40 1
40 298 1
298 40 1
40 296 1
296 40 1
296 40 1
40 296 1
299 40 1
40 299 1
14 110 1
110 14 1
14 300 1
300 14 1
14 135 1
135 14 1
14 169 1
169 14 1
14 121 1
121 14 1
301 14 1
14 301 1
9 15 1
15 9 1
190 9 1
9 190 1
15 9 1
9 15 1
186 9 1
9 186 1
210 244 1
244 210 1
244 210 1
210 244 1
284 210 1
210 284 1
190 210 1
210 190 1
292 204 1
204 292 1
292 302 1
302 292 1
302 292 1
292 302 1
204 292 1
292 204 1
281 51 1
51 281 1
286 51 1
51 286 1
303 51 1
51 303 1
289 51 1
51 289 1
266 51 1
51 266 1
8 51 1
51 8 1
287 51 1
51 287 1
39 51 1
51 39 1
210 39 1
39 210 1
53 39 1
39 53 1
51 39 1
39 51 1
187 64 1
64 187 1
187 181 1
181 187 1
187 134 1
134 187 1
187 280 1
280 187 1
181 187 1
187 181 1
134 187 1
187 134 1
204 302 1
302 204 1
304 204 1
204 304 1
302 204 1
204 302 1
129 164 1
164 129 1
129 274 1
274 129 1
129 132 1
132 129 1
129 133 1
133 129 1
129 121 1
121 129 1
132 129 1
129 132 1
62 129 1
129 62 1
121 129 1
129 121 1
133 129 1
129 133 1
131 283 1
283 131 1
129 283 1
283 129 1
167 283 1
283 167 1
283 167 1
167 283 1
105 97 1
97 105 1
155 164 1
164 155 1
155 15 1
15 155 1
155 215 1
215 155 1
155 216 1
216 155 1
155 168 1
168 155 1
15 155 1
155 15 1
121 155 1
155 121 1
164 155 1
155 164 1
215 155 1
155 215 1
134 155 1
155 134 1
216 155 1
155 216 1
305 143 1
143 305 1
305 306 1
306 305 1
207 306 1
306 207 1
111 114 1
114 111 1
154 111 1
111 154 1
114 111 1
111 114 1
76 111 1
111 76 1
26 111 1
111 26 1
148 102 1
102 148 1
148 214 1
214 148 1
102 148 1
148 102 1
108 141 1
141 108 1
108 103 1
103 108 1
108 256 1
256 108 1
108 109 1
109 108 1
108 111 1
111 108 1
108 114 1
114 108 1
109 108 1
108 109 1
111 108 1
108 111 1
154 108 1
108 154 1
307 304 1
304 307 1
308 277 1
277 308 1
308 62 1
62 308 1
308 141 1
141 308 1
308 105 1
105 308 1
308 108 1
108 308 1
308 132 1
132 308 1
308 114 1
114 308 1
308 176 1
176 308 1
308 121 1
121 308 1
132 308 1
308 132 1
154 308 1
308 154 1
108 308 1
308 108 1
267 309 1
309 267 1
267 310 1
310 267 1
310 267 1
267 310 1
309 267 1
267 309 1
94 9 1
9 94 1
94 15 1
15 94 1
94 110 1
110 94 1
94 169 1
169 94 1
94 217 1
217 94 1
311 181 1
181 311 1
311 122 1
122 311 1
198 311 1
311 198 1
312 168 1
168 312 1
11 312 1
312 11 1
155 312 1
312 155 1
168 312 1
312 168 1
301 312 1
312 301 1
129 312 1
312 129 1
165 101 1
101 165 1
165 313 1
313 165 1
165 306 1
306 165 1
165 216 1
216 165 1
165 168 1
168 165 1
165 312 1
312 165 1
101 165 1
165 101 1
247 165 1
165 247 1
18 12 1
12 18 1
18 20 1
20 18 1
30 18 1
18 30 1
12 18 1
18 12 1
10 18 1
18 10 1
41 18 1
18 41 1
43 18 1
18 43 1
16 18 1
18 16 1
26 18 1
18 26 1
63 18 1
18 63 1
27 18 1
18 27 1
20 18 1
18 20 1
314 295 1
295 314 1
314 181 1
181 314 1
314 69 1
69 314 1
314 280 1
280 314 1
314 122 1
122 314 1
295 314 1
314 295 1
122 314 1
314 122 1
315 314 1
314 315 1
64 314 1
314 64 1
316 314 1
314 316 1
36 50 1
50 36 1
50 36 1
36 50 1
209 21 1
21 209 1
209 244 1
244 209 1
244 209 1
209 244 1
21 209 1
209 21 1
284 209 1
209 284 1
210 209 1
209 210 1
53 209 1
209 53 1
190 209 1
209 190 1
286 262 1
262 286 1
265 262 1
262 265 1
261 51 1
51 261 1
40 261 1
261 40 1
51 261 1
261 51 1
35 261 1
261 35 1
317 190 1
190 317 1
317 209 1
209 317 1
317 210 1
210 317 1
317 284 1
284 317 1
317 53 1
53 317 1
317 298 1
298 317 1
317 51 1
51 317 1
8 317 1
317 8 1
190 317 1
317 190 1
284 317 1
317 284 1
266 317 1
317 266 1
211 317 1
317 211 1
211 190 1
190 211 1
211 209 1
209 211 1
211 53 1
53 211 1
211 21 1
21 211 1
42 281 1
281 42 1
42 261 1
261 42 1
42 21 1
21 42 1
281 42 1
42 281 1
34 209 1
209 34 1
34 261 1
261 34 1
34 262 1
262 34 1
209 34 1
34 209 1
262 34 1
34 262 1
261 34 1
34 261 1
289 34 1
34 289 1
42 34 1
34 42 1
40 34 1
34 40 1
55 42 1
42 55 1
55 284 1
284 55 1
55 266 1
266 55 1
55 261 1
261 55 1
55 21 1
21 55 1
55 39 1
39 55 1
8 55 1
55 8 1
287 55 1
55 287 1
288 55 1
55 288 1
42 55 1
55 42 1
37 8 1
8 37 1
37 317 1
317 37 1
37 303 1
303 37 1
37 282 1
282 37 1
37 284 1
284 37 1
37 34 1
34 37 1
37 35 1
35 37 1
37 266 1
266 37 1
37 261 1
261 37 1
37 21 1
21 37 1
37 262 1
262 37 1
37 39 1
39 37 1
35 37 1
37 35 1
284 37 1
37 284 1
317 37 1
37 317 1
8 37 1
37 8 1
262 37 1
37 262 1
263 37 1
37 263 1
288 37 1
37 288 1
38 8 1
8 38 1
38 260 1
260 38 1
38 57 1
57 38 1
38 259 1
259 38 1
38 298 1
298 38 1
38 49 1
49 38 1
38 37 1
37 38 1
288 38 1
38 288 1
259 38 1
38 259 1
27 38 1
38 27 1
57 38 1
38 57 1
257 38 1
38 257 1
260 38 1
38 260 1
54 38 1
38 54 1
22 34 1
34 22 1
22 265 1
265 22 1
265 22 1
22 265 1
289 22 1
22 289 1
42 22 1
22 42 1
34 22 1
22 34 1
263 22 1
22 263 1
213 288 1
288 213 1
223 213 1
213 223 1
288 213 1
213 288 1
17 12 1
12 17 1
17 49 1
49 17 1
12 17 1
17 12 1
49 17 1
17 49 1
190 17 1
17 190 1
41 9 1
9 41 1
41 12 1
12 41 1
41 189 1
189 41 1
41 190 1
190 41 1
41 209 1
209 41 1
41 34 1
34 41 1
41 53 1
53 41 1
41 17 1
17 41 1
41 261 1
261 41 1
41 37 1
37 41 1
41 262 1
262 41 1
41 23 1
23 41 1
17 41 1
41 17 1
37 41 1
41 37 1
48 55 1
55 48 1
48 49 1
49 48 1
49 48 1
48 49 1
55 48 1
48 55 1
288 48 1
48 288 1
92 268 1
268 92 1
92 79 1
79 92 1
99 92 1
92 99 1
78 92 1
92 78 1
149 92 1
92 149 1
136 92 1
92 136 1
157 92 1
92 157 1
79 92 1
92 79 1
269 92 1
92 269 1
66 92 1
92 66 1
125 92 1
92 125 1
95 92 1
92 95 1
318 92 1
92 318 1
268 92 1
92 268 1
32 48 1
48 32 1
32 36 1
36 32 1
32 49 1
49 32 1
32 50 1
50 32 1
49 32 1
32 49 1
50 32 1
32 50 1
48 32 1
32 48 1
212 32 1
32 212 1
36 32 1
32 36 1
319 320 1
320 319 1
268 270 1
270 268 1
268 109 1
109 268 1
268 70 1
70 268 1
268 79 1
79 268 1
79 268 1
268 79 1
70 268 1
268 70 1
109 268 1
268 109 1
125 268 1
268 125 1
124 268 1
268 124 1
270 268 1
268 270 1
318 141 1
141 318 1
318 65 1
65 318 1
318 106 1
106 318 1
318 107 1
107 318 1
318 68 1
68 318 1
318 275 1
275 318 1
318 70 1
70 318 1
318 134 1
134 318 1
318 79 1
79 318 1
318 80 1
80 318 1
318 86 1
86 318 1
197 318 1
318 197 1
246 318 1
318 246 1
68 318 1
318 68 1
66 155 1
155 66 1
66 277 1
277 66 1
66 128 1
128 66 1
66 65 1
65 66 1
66 106 1
106 66 1
66 131 1
131 66 1
66 109 1
109 66 1
66 132 1
132 66 1
66 76 1
76 66 1
66 133 1
133 66 1
66 79 1
79 66 1
66 83 1
83 66 1
66 86 1
86 66 1
161 66 1
66 161 1
76 66 1
66 76 1
157 66 1
66 157 1
269 98 1
98 269 1
269 65 1
65 269 1
269 274 1
274 269 1
269 106 1
106 269 1
269 114 1
114 269 1
269 133 1
133 269 1
269 79 1
79 269 1
269 86 1
86 269 1
138 269 1
269 138 1
139 269 1
269 139 1
149 164 1
164 149 1
149 65 1
65 149 1
149 181 1
181 149 1
149 67 1
67 149 1
149 68 1
68 149 1
149 109 1
109 149 1
149 72 1
72 149 1
149 135 1
135 149 1
149 77 1
77 149 1
149 19 1
19 149 1
149 168 1
168 149 1
149 169 1
169 149 1
149 81 1
81 149 1
149 123 1
123 149 1
149 85 1
85 149 1
149 86 1
86 149 1
149 185 1
185 149 1
149 87 1
87 149 1
149 88 1
88 149 1
321 97 1
97 321 1
321 181 1
181 321 1
321 227 1
227 321 1
321 109 1
109 321 1
321 69 1
69 321 1
321 74 1
74 321 1
321 169 1
169 321 1
321 122 1
122 321 1
97 321 1
321 97 1
14 321 1
321 14 1
78 124 1
124 78 1
78 68 1
68 78 1
78 109 1
109 78 1
78 110 1
110 78 1
78 84 1
84 78 1
78 249 1
249 78 1
78 72 1
72 78 1
78 135 1
135 78 1
78 19 1
19 78 1
78 119 1
119 78 1
78 169 1
169 78 1
78 81 1
81 78 1
78 170 1
170 78 1
78 85 1
85 78 1
170 78 1
78 170 1
19 78 1
78 19 1
139 78 1
78 139 1
119 78 1
78 119 1
85 78 1
78 85 1
72 78 1
78 72 1
172 78 1
78 172 1
112 78 1
78 112 1
148 78 1
78 148 1
124 78 1
78 124 1
249 78 1
78 249 1
99 132 1
132 99 1
99 71 1
71 99 1
99 197 1
197 99 1
99 117 1
117 99 1
99 142 1
142 99 1
99 123 1
123 99 1
99 86 1
86 99 1
99 322 1
322 99 1
117 99 1
99 117 1
142 99 1
99 142 1
139 99 1
99 139 1
188 99 1
99 188 1
197 99 1
99 197 1
112 99 1
99 112 1
106 99 1
99 106 1
124 99 1
99 124 1
185 99 1
99 185 1
123 106 1
106 123 1
123 153 1
153 123 1
130 123 1
123 130 1
153 123 1
123 153 1
321 123 1
123 321 1
106 123 1
123 106 1
179 123 1
123 179 1
98 15 1
15 98 1
98 137 1
137 98 1
98 123 1
123 98 1
137 98 1
98 137 1
15 98 1
98 15 1
179 98 1
98 179 1
123 98 1
98 123 1
84 110 1
110 84 1
110 84 1
84 110 1
186 72 1
72 186 1
257 8 1
8 257 1
257 32 1
32 257 1
257 213 1
213 257 1
257 291 1
291 257 1
257 21 1
21 257 1
257 244 1
244 257 1
257 49 1
49 257 1
257 323 1
323 257 1
257 51 1
51 257 1
10 12 1
12 10 1
10 34 1
34 10 1
10 17 1
17 10 1
10 261 1
261 10 1
10 262 1
262 10 1
16 12 1
12 16 1
16 32 1
32 16 1
16 34 1
34 16 1
16 55 1
55 16 1
16 261 1
261 16 1
16 49 1
49 16 1
16 50 1
50 16 1
16 22 1
22 16 1
16 51 1
51 16 1
16 39 1
39 16 1
12 16 1
16 12 1
42 16 1
16 42 1
45 16 1
16 45 1
34 16 1
16 34 1
43 16 1
16 43 1
55 16 1
16 55 1
91 224 1
224 91 1
91 116 1
116 91 1
91 198 1
198 91 1
218 91 1
91 218 1
224 91 1
91 224 1
187 91 1
91 187 1
324 91 1
91 324 1
325 91 1
91 325 1
225 91 1
91 225 1
160 91 1
91 160 1
326 91 1
91 326 1
258 286 1
286 258 1
258 296 1
296 258 1
296 258 1
258 296 1
259 8 1
8 259 1
259 212 1
212 259 1
259 258 1
258 259 1
259 296 1
296 259 1
221 259 1
259 221 1
8 259 1
259 8 1
257 259 1
259 257 1
289 259 1
259 289 1
46 259 1
259 46 1
46 17 1
17 46 1
46 213 1
213 46 1
46 49 1
49 46 1
46 43 1
43 46 1
259 46 1
46 259 1
257 46 1
46 257 1
24 13 1
13 24 1
24 245 1
245 24 1
24 46 1
46 24 1
24 17 1
17 24 1
24 213 1
213 24 1
24 36 1
36 24 1
24 43 1
43 24 1
213 24 1
24 213 1
245 24 1
24 245 1
17 24 1
24 17 1
43 24 1
24 43 1
46 24 1
24 46 1
13 24 1
24 13 1
36 24 1
24 36 1
10 24 1
24 10 1
45 24 1
24 45 1
326 96 1
96 326 1
326 163 1
163 326 1
326 160 1
160 326 1
326 224 1
224 326 1
326 108 1
108 326 1
326 327 1
327 326 1
326 110 1
110 326 1
326 328 1
328 326 1
326 137 1
137 326 1
163 326 1
326 163 1
160 326 1
326 160 1
30 9 1
9 30 1
30 41 1
41 30 1
30 11 1
11 30 1
30 329 1
329 30 1
30 15 1
15 30 1
30 330 1
330 30 1
30 215 1
215 30 1
30 17 1
17 30 1
30 169 1
169 30 1
30 217 1
217 30 1
30 82 1
82 30 1
30 83 1
83 30 1
30 219 1
219 30 1
30 43 1
43 30 1
30 319 1
319 30 1
260 257 1
257 260 1
260 48 1
48 260 1
260 259 1
259 260 1
260 46 1
46 260 1
260 16 1
16 260 1
260 261 1
261 260 1
260 244 1
244 260 1
260 37 1
37 260 1
260 22 1
22 260 1
260 262 1
262 260 1
260 51 1
51 260 1
299 260 1
260 299 1
37 260 1
260 37 1
259 260 1
260 259 1
160 141 1
141 160 1
160 11 1
11 160 1
160 103 1
103 160 1
160 163 1
163 160 1
160 106 1
106 160 1
160 256 1
256 160 1
160 107 1
107 160 1
160 181 1
181 160 1
160 110 1
110 160 1
160 331 1
331 160 1
160 135 1
135 160 1
160 198 1
198 160 1
160 80 1
80 160 1
107 160 1
160 107 1
11 160 1
160 11 1
163 160 1
160 163 1
30 160 1
160 30 1
225 314 1
314 225 1
225 178 1
178 225 1
225 325 1
325 225 1
225 224 1
224 225 1
225 181 1
181 225 1
225 327 1
327 225 1
225 227 1
227 225 1
225 69 1
69 225 1
225 75 1
75 225 1
225 116 1
116 225 1
225 328 1
328 225 1
225 122 1
122 225 1
225 80 1
80 225 1
225 81 1
81 225 1
225 332 1
332 225 1
225 201 1
201 225 1
163 225 1
225 163 1
325 225 1
225 325 1
314 225 1
225 314 1
178 225 1
225 178 1
104 225 1
225 104 1
93 96 1
96 93 1
93 103 1
103 93 1
93 288 1
288 93 1
93 15 1
15 93 1
93 111 1
111 93 1
93 176 1
176 93 1
93 298 1
298 93 1
93 37 1
37 93 1
93 217 1
217 93 1
30 93 1
93 30 1
217 93 1
93 217 1
255 93 1
93 255 1
40 93 1
93 40 1
298 93 1
93 298 1
94 93 1
93 94 1
80 96 1
96 80 1
80 327 1
327 80 1
80 198 1
198 80 1
118 97 1
97 118 1
118 181 1
181 118 1
118 120 1
120 118 1
118 168 1
168 118 1
108 118 1
118 108 1
176 118 1
118 176 1
76 118 1
118 76 1
324 110 1
110 324 1
177 174 1
174 177 1
177 65 1
65 177 1
177 250 1
250 177 1
177 71 1
71 177 1
177 176 1
176 177 1
177 142 1
142 177 1
177 118 1
118 177 1
177 19 1
19 177 1
177 145 1
145 177 1
71 177 1
177 71 1
226 177 1
177 226 1
145 177 1
177 145 1
142 177 1
177 142 1
19 177 1
177 19 1
142 174 1
174 142 1
142 152 1
152 142 1
142 145 1
145 142 1
142 167 1
167 142 1
142 322 1
322 142 1
174 142 1
142 174 1
152 142 1
142 152 1
322 142 1
142 322 1
226 142 1
142 226 1
145 142 1
142 145 1
167 142 1
142 167 1
188 142 1
142 188 1
145 153 1
153 145 1
145 176 1
176 145 1
145 322 1
322 145 1
153 145 1
145 153 1
118 145 1
145 118 1
176 145 1
145 176 1
179 145 1
145 179 1
322 145 1
145 322 1
30 126 1
126 30 1
124 126 1
126 124 1
118 85 1
85 118 1
161 85 1
85 161 1
139 85 1
85 139 1
124 85 1
85 124 1
140 85 1
85 140 1
126 85 1
85 126 1
71 176 1
176 71 1
71 118 1
118 71 1
172 71 1
71 172 1
152 71 1
71 152 1
154 71 1
71 154 1
176 71 1
71 176 1
93 71 1
71 93 1
201 249 1
249 201 1
201 135 1
135 201 1
93 201 1
201 93 1
80 201 1
201 80 1
104 96 1
96 104 1
104 224 1
224 104 1
104 153 1
153 104 1
104 181 1
181 104 1
104 195 1
195 104 1
104 131 1
131 104 1
104 158 1
158 104 1
104 135 1
135 104 1
104 217 1
217 104 1
108 104 1
104 108 1
93 104 1
104 93 1
80 104 1
104 80 1
116 187 1
187 116 1
116 100 1
100 116 1
116 138 1
138 116 1
116 75 1
75 116 1
116 135 1
135 116 1
224 116 1
116 224 1
187 116 1
116 187 1
153 116 1
116 153 1
321 116 1
116 321 1
135 116 1
116 135 1
103 116 1
116 103 1
158 116 1
116 158 1
178 116 1
116 178 1
108 116 1
116 108 1
75 116 1
116 75 1
80 116 1
116 80 1
197 116 1
116 197 1
64 116 1
116 64 1
100 116 1
116 100 1
104 116 1
116 104 1
185 116 1
116 185 1
172 175 1
175 172 1
172 256 1
256 172 1
172 308 1
308 172 1
54 89 1
89 54 1
333 89 1
89 333 1
180 89 1
89 180 1
44 89 1
89 44 1
70 155 1
155 70 1
70 98 1
98 70 1
70 128 1
128 70 1
70 15 1
15 70 1
70 131 1
131 70 1
70 132 1
132 70 1
70 271 1
271 70 1
70 133 1
133 70 1
70 135 1
135 70 1
70 169 1
169 70 1
70 121 1
121 70 1
161 70 1
70 161 1
126 70 1
70 126 1
98 70 1
70 98 1
62 70 1
70 62 1
139 70 1
70 139 1
11 70 1
70 11 1
131 70 1
70 131 1
133 70 1
70 133 1
121 70 1
70 121 1
65 9 1
9 65 1
65 131 1
131 65 1
65 301 1
301 65 1
334 65 1
65 334 1
30 65 1
65 30 1
94 65 1
65 94 1
138 65 1
65 138 1
153 65 1
65 153 1
154 65 1
65 154 1
9 65 1
65 9 1
11 65 1
65 11 1
131 65 1
65 131 1
301 65 1
65 301 1
190 65 1
65 190 1
70 65 1
65 70 1
110 65 1
65 110 1
179 65 1
65 179 1
44 8 1
8 44 1
44 32 1
32 44 1
44 212 1
212 44 1
44 48 1
48 44 1
44 265 1
265 44 1
44 46 1
46 44 1
44 298 1
298 44 1
44 266 1
266 44 1
44 49 1
49 44 1
44 37 1
37 44 1
44 22 1
22 44 1
257 44 1
44 257 1
40 44 1
44 40 1
287 44 1
44 287 1
54 44 1
44 54 1
180 297 1
297 180 1
180 335 1
335 180 1
180 8 1
8 180 1
180 303 1
303 180 1
180 32 1
32 180 1
180 72 1
72 180 1
180 259 1
259 180 1
253 180 1
180 253 1
8 180 1
180 8 1
72 180 1
180 72 1
297 180 1
180 297 1
40 180 1
180 40 1
335 180 1
180 335 1
270 98 1
98 270 1
270 124 1
124 270 1
270 65 1
65 270 1
270 109 1
109 270 1
270 70 1
70 270 1
270 123 1
123 270 1
123 270 1
270 123 1
126 270 1
270 126 1
98 270 1
270 98 1
246 65 1
65 246 1
246 107 1
107 246 1
127 98 1
98 127 1
127 129 1
129 127 1
127 106 1
106 127 1
127 107 1
107 127 1
127 108 1
108 127 1
127 109 1
109 127 1
127 132 1
132 127 1
127 275 1
275 127 1
127 161 1
161 127 1
127 84 1
84 127 1
127 134 1
134 127 1
127 117 1
117 127 1
127 135 1
135 127 1
127 121 1
121 127 1
127 123 1
123 127 1
127 85 1
85 127 1
139 127 1
127 139 1
85 127 1
127 85 1
86 65 1
65 86 1
86 107 1
107 86 1
147 86 1
86 147 1
172 86 1
86 172 1
151 86 1
86 151 1
70 86 1
86 70 1
65 86 1
86 65 1
159 86 1
86 159 1
107 86 1
86 107 1
270 86 1
86 270 1
246 86 1
86 246 1
127 86 1
86 127 1
197 62 1
62 197 1
197 98 1
98 197 1
197 65 1
65 197 1
197 107 1
107 197 1
197 153 1
153 197 1
197 132 1
132 197 1
197 110 1
110 197 1
197 159 1
159 197 1
197 166 1
166 197 1
197 76 1
76 197 1
197 84 1
84 197 1
197 86 1
86 197 1
172 197 1
197 172 1
154 197 1
197 154 1
333 266 1
266 333 1
252 333 1
333 252 1
336 333 1
333 336 1
337 333 1
333 337 1
163 9 1
9 163 1
163 164 1
164 163 1
163 65 1
65 163 1
163 107 1
107 163 1
163 15 1
15 163 1
163 131 1
131 163 1
163 109 1
109 163 1
163 132 1
132 163 1
163 72 1
72 163 1
163 133 1
133 163 1
163 134 1
134 163 1
163 135 1
135 163 1
163 301 1
301 163 1
163 169 1
169 163 1
163 280 1
280 163 1
163 123 1
123 163 1
163 86 1
86 163 1
163 185 1
185 163 1
30 163 1
163 30 1
63 338 1
338 63 1
63 9 1
9 63 1
63 189 1
189 63 1
63 69 1
69 63 1
63 330 1
330 63 1
63 73 1
73 63 1
63 74 1
74 63 1
63 77 1
77 63 1
63 87 1
87 63 1
63 339 1
339 63 1
45 63 1
63 45 1
73 63 1
63 73 1
87 63 1
63 87 1
186 63 1
63 186 1
339 338 1
338 339 1
338 339 1
339 338 1
81 9 1
9 81 1
81 65 1
65 81 1
81 70 1
70 81 1
81 77 1
77 81 1
81 120 1
120 81 1
81 87 1
87 81 1
14 81 1
81 14 1
321 81 1
81 321 1
9 81 1
81 9 1
120 81 1
81 120 1
163 81 1
81 163 1
70 81 1
81 70 1
65 81 1
81 65 1
77 81 1
81 77 1
87 81 1
81 87 1
182 88 1
88 182 1
218 88 1
88 218 1
100 88 1
88 100 1
178 88 1
88 178 1
100 182 1
182 100 1
100 227 1
227 100 1
182 100 1
100 182 1
113 100 1
100 113 1
182 103 1
103 182 1
182 308 1
308 182 1
182 313 1
313 182 1
182 114 1
114 182 1
182 81 1
81 182 1
182 219 1
219 182 1
188 182 1
182 188 1
151 182 1
182 151 1
152 322 1
322 152 1
52 34 1
34 52 1
52 244 1
244 52 1
52 25 1
25 52 1
37 52 1
52 37 1
257 52 1
52 257 1
25 52 1
52 25 1
152 174 1
174 152 1
152 308 1
308 152 1
152 132 1
132 152 1
150 152 1
152 150 1
27 9 1
9 27 1
27 41 1
41 27 1
27 10 1
10 27 1
27 12 1
12 27 1
27 42 1
42 27 1
27 65 1
65 27 1
27 190 1
190 27 1
27 17 1
17 27 1
27 49 1
49 27 1
27 22 1
22 27 1
27 25 1
25 27 1
25 27 1
27 25 1
41 27 1
27 41 1
42 27 1
27 42 1
340 47 1
47 340 1
340 341 1
341 340 1
340 59 1
59 340 1
342 340 1
340 342 1
341 340 1
340 341 1
47 340 1
340 47 1
59 340 1
340 59 1
47 49 1
49 47 1
49 47 1
47 49 1
43 47 1
47 43 1
59 55 1
55 59 1
59 47 1
47 59 1
59 49 1
49 59 1
59 50 1
50 59 1
59 58 1
58 59 1
58 59 1
59 58 1
47 59 1
59 47 1
58 209 1
209 58 1
58 55 1
55 58 1
58 27 1
27 58 1
58 49 1
49 58 1
58 50 1
50 58 1
58 37 1
37 58 1
58 52 1
52 58 1
58 51 1
51 58 1
58 39 1
39 58 1
58 25 1
25 58 1
58 343 1
343 58 1
25 58 1
58 25 1
52 58 1
58 52 1
56 58 1
58 56 1
27 58 1
58 27 1
56 55 1
55 56 1
56 35 1
35 56 1
56 286 1
286 56 1
56 37 1
37 56 1
56 39 1
39 56 1
56 25 1
25 56 1
344 343 1
343 344 1
188 130 1
130 188 1
188 111 1
111 188 1
188 72 1
72 188 1
188 166 1
166 188 1
188 93 1
93 188 1
188 217 1
217 188 1
188 322 1
322 188 1
217 188 1
188 217 1
344 345 1
345 344 1
346 344 1
344 346 1
218 182 1
182 218 1
218 195 1
195 218 1
218 227 1
227 218 1
218 69 1
69 218 1
218 74 1
74 218 1
218 75 1
75 218 1
218 122 1
122 218 1
218 201 1
201 218 1
218 347 1
347 218 1
61 218 1
218 61 1
104 218 1
218 104 1
182 218 1
218 182 1
201 218 1
218 201 1
178 314 1
314 178 1
178 4 1
4 178 1
178 181 1
181 178 1
178 280 1
280 178 1
6 178 1
178 6 1
218 178 1
178 218 1
314 178 1
178 314 1
19 127 1
127 19 1
19 98 1
98 19 1
19 12 1
12 19 1
19 348 1
348 19 1
19 175 1
175 19 1
19 329 1
329 19 1
19 104 1
104 19 1
19 349 1
349 19 1
19 231 1
231 19 1
19 270 1
270 19 1
19 67 1
67 19 1
19 34 1
34 19 1
19 111 1
111 19 1
19 70 1
70 19 1
19 72 1
72 19 1
19 184 1
184 19 1
19 17 1
17 19 1
19 142 1
142 19 1
19 118 1
118 19 1
19 246 1
246 19 1
19 144 1
144 19 1
19 36 1
36 19 1
19 49 1
49 19 1
19 25 1
25 19 1
19 43 1
43 19 1
19 350 1
350 19 1
351 19 1
19 351 1
231 19 1
19 231 1
12 19 1
19 12 1
138 19 1
19 138 1
150 19 1
19 150 1
257 19 1
19 257 1
67 19 1
19 67 1
260 19 1
19 260 1
10 19 1
19 10 1
25 19 1
19 25 1
11 19 1
19 11 1
337 19 1
19 337 1
49 19 1
19 49 1
163 19 1
19 163 1
190 19 1
19 190 1
70 19 1
19 70 1
104 19 1
19 104 1
54 19 1
19 54 1
34 19 1
19 34 1
43 19 1
19 43 1
349 19 1
19 349 1
127 19 1
19 127 1
13 19 1
19 13 1
26 19 1
19 26 1
348 19 1
19 348 1
175 19 1
19 175 1
124 19 1
19 124 1
288 19 1
19 288 1
111 19 1
19 111 1
185 19 1
19 185 1
259 19 1
19 259 1
270 19 1
19 270 1
161 19 1
19 161 1
46 19 1
19 46 1
246 19 1
19 246 1
126 19 1
19 126 1
98 19 1
19 98 1
329 19 1
19 329 1
36 19 1
19 36 1
350 19 1
19 350 1
144 19 1
19 144 1
142 19 1
19 142 1
17 19 1
19 17 1
139 19 1
19 139 1
188 19 1
19 188 1
184 19 1
19 184 1
72 19 1
19 72 1
30 19 1
19 30 1
77 98 1
98 77 1
77 68 1
68 77 1
77 109 1
109 77 1
77 122 1
122 77 1
77 123 1
123 77 1
151 77 1
77 151 1
76 77 1
77 76 1
109 77 1
77 109 1
122 77 1
77 122 1
123 77 1
77 123 1
68 77 1
77 68 1
98 77 1
77 98 1
54 8 1
8 54 1
54 317 1
317 54 1
54 303 1
303 54 1
54 32 1
32 54 1
54 212 1
212 54 1
54 55 1
55 54 1
54 35 1
35 54 1
54 352 1
352 54 1
54 48 1
48 54 1
54 57 1
57 54 1
54 259 1
259 54 1
54 213 1
213 54 1
54 298 1
298 54 1
54 266 1
266 54 1
54 49 1
49 54 1
54 37 1
37 54 1
54 22 1
22 54 1
54 51 1
51 54 1
54 43 1
43 54 1
54 319 1
319 54 1
54 350 1
350 54 1
40 54 1
54 40 1
299 54 1
54 299 1
30 54 1
54 30 1
257 54 1
54 257 1
185 9 1
9 185 1
185 70 1
70 185 1
185 184 1
184 185 1
107 62 1
62 107 1
107 98 1
98 107 1
107 131 1
131 107 1
107 84 1
84 107 1
110 107 1
107 110 1
179 107 1
107 179 1
161 107 1
107 161 1
98 107 1
107 98 1
84 107 1
107 84 1
62 107 1
107 62 1
316 107 1
107 316 1
159 107 1
107 159 1
159 9 1
9 159 1
159 147 1
147 159 1
159 110 1
110 159 1
159 161 1
161 159 1
159 133 1
133 159 1
159 135 1
135 159 1
11 159 1
159 11 1
147 159 1
159 147 1
94 159 1
159 94 1
14 159 1
159 14 1
151 164 1
164 151 1
151 101 1
101 151 1
151 181 1
181 151 1
151 215 1
215 151 1
151 75 1
75 151 1
151 135 1
135 151 1
151 120 1
120 151 1
151 219 1
219 151 1
147 15 1
15 147 1
147 138 1
138 147 1
150 147 1
147 150 1
138 147 1
147 138 1
94 147 1
147 94 1
30 147 1
147 30 1
332 347 1
347 332 1
332 88 1
88 332 1
187 332 1
332 187 1
90 67 1
67 90 1
90 116 1
116 90 1
116 90 1
90 116 1
67 90 1
90 67 1
332 90 1
90 332 1
158 96 1
96 158 1
158 124 1
124 158 1
158 181 1
181 158 1
158 195 1
195 158 1
158 227 1
227 158 1
158 148 1
148 158 1
158 167 1
167 158 1
158 122 1
122 158 1
158 83 1
83 158 1
202 314 1
314 202 1
202 195 1
195 202 1
202 122 1
122 202 1
202 347 1
347 202 1
226 162 1
162 226 1
226 97 1
97 226 1
226 104 1
104 226 1
226 71 1
71 226 1
226 76 1
76 226 1
226 116 1
116 226 1
226 120 1
120 226 1
226 83 1
83 226 1
226 84 1
84 226 1
120 226 1
226 120 1
83 226 1
226 83 1
104 226 1
226 104 1
140 68 1
68 140 1
140 109 1
109 140 1
140 135 1
135 140 1
140 169 1
169 140 1
140 123 1
123 140 1
124 141 1
141 124 1
124 98 1
98 124 1
124 128 1
128 124 1
124 106 1
106 124 1
124 109 1
109 124 1
124 117 1
117 124 1
124 119 1
119 124 1
124 120 1
120 124 1
124 123 1
123 124 1
117 124 1
124 117 1
150 124 1
124 150 1
106 124 1
124 106 1
139 141 1
141 139 1
139 129 1
129 139 1
139 132 1
132 139 1
161 278 1
278 161 1
161 275 1
275 161 1
161 72 1
72 161 1
161 84 1
84 161 1
72 161 1
161 72 1
11 161 1
161 11 1
138 161 1
161 138 1
325 178 1
178 325 1
325 96 1
96 325 1
325 147 1
147 325 1
325 224 1
224 325 1
325 76 1
76 325 1
178 325 1
325 178 1
350 348 1
348 350 1
350 353 1
353 350 1
236 49 1
49 236 1
236 24 1
24 236 1
24 236 1
236 24 1
13 42 1
42 13 1
13 36 1
36 13 1
13 21 1
21 13 1
13 37 1
37 13 1
13 23 1
23 13 1
45 13 1
13 45 1
36 13 1
13 36 1
179 130 1
130 179 1
179 153 1
153 179 1
179 275 1
275 179 1
106 117 1
117 106 1
117 106 1
106 117 1
153 130 1
130 153 1
153 135 1
135 153 1
153 169 1
169 153 1
11 153 1
153 11 1
130 153 1
153 130 1
157 131 1
131 157 1
157 169 1
169 157 1
157 123 1
123 157 1
157 86 1
86 157 1
188 157 1
157 188 1
172 157 1
157 172 1
11 157 1
157 11 1
130 109 1
109 130 1
130 169 1
169 130 1
83 11 1
11 83 1
83 108 1
108 83 1
83 111 1
111 83 1
83 306 1
306 83 1
83 82 1
82 83 1
83 219 1
219 83 1
105 83 1
83 105 1
219 83 1
83 219 1
155 83 1
83 155 1
305 83 1
83 305 1
306 83 1
83 306 1
103 83 1
83 103 1
111 83 1
83 111 1
148 83 1
83 148 1
108 83 1
83 108 1
82 83 1
83 82 1
11 83 1
83 11 1
120 175 1
175 120 1
120 102 1
102 120 1
120 308 1
308 120 1
120 111 1
111 120 1
120 306 1
306 120 1
120 114 1
114 120 1
120 143 1
143 120 1
175 120 1
120 175 1
111 120 1
120 111 1
162 120 1
120 162 1
103 120 1
120 103 1
306 120 1
120 306 1
308 120 1
120 308 1
336 320 1
320 336 1
336 22 1
22 336 1
336 319 1
319 336 1
45 245 1
245 45 1
45 352 1
352 45 1
45 291 1
291 45 1
45 36 1
36 45 1
45 49 1
49 45 1
45 50 1
50 45 1
45 37 1
37 45 1
354 266 1
266 354 1
355 354 1
354 355 1
356 354 1
354 356 1
31 8 1
8 31 1
31 44 1
44 31 1
31 288 1
288 31 1
31 32 1
32 31 1
31 284 1
284 31 1
31 48 1
48 31 1
31 213 1
213 31 1
31 298 1
298 31 1
31 266 1
266 31 1
31 50 1
50 31 1
31 37 1
37 31 1
31 323 1
323 31 1
31 51 1
51 31 1
31 43 1
43 31 1
299 31 1
31 299 1
257 31 1
31 257 1
40 31 1
31 40 1
288 31 1
31 288 1
219 312 1
312 219 1
94 219 1
219 94 1
195 219 1
219 195 1
311 219 1
219 311 1
312 219 1
219 312 1
165 219 1
219 165 1
195 295 1
295 195 1
195 64 1
64 195 1
195 122 1
122 195 1
122 195 1
195 122 1
186 195 1
195 186 1
64 195 1
195 64 1
357 195 1
195 357 1
137 131 1
131 137 1
137 114 1
114 137 1
137 169 1
169 137 1
308 137 1
137 308 1
307 2 1
2 307 1
82 111 1
111 82 1
82 306 1
306 82 1
173 82 1
82 173 1
111 82 1
82 111 1
103 96 1
96 103 1
103 97 1
97 103 1
103 155 1
155 103 1
103 174 1
174 103 1
103 102 1
102 103 1
103 131 1
131 103 1
103 109 1
109 103 1
103 313 1
313 103 1
103 169 1
169 103 1
109 103 1
103 109 1
110 103 1
103 110 1
131 164 1
164 131 1
131 215 1
215 131 1
131 271 1
271 131 1
131 135 1
135 131 1
131 143 1
143 131 1
131 168 1
168 131 1
131 169 1
169 131 1
143 131 1
131 143 1
135 131 1
131 135 1
156 131 1
131 156 1
168 131 1
131 168 1
169 131 1
131 169 1
121 131 1
131 121 1
26 131 1
131 26 1
53 190 1
190 53 1
53 21 1
21 53 1
284 53 1
53 284 1
190 53 1
53 190 1
212 266 1
266 212 1
252 212 1
212 252 1
198 138 1
138 198 1
198 181 1
181 198 1
198 199 1
199 198 1
233 198 1
198 233 1
57 288 1
288 57 1
57 352 1
352 57 1
288 57 1
57 288 1
303 244 1
244 303 1
26 303 1
303 26 1
286 244 1
244 286 1
35 286 1
286 35 1
277 256 1
256 277 1
277 114 1
114 277 1
256 277 1
277 256 1
114 277 1
277 114 1
134 164 1
164 134 1
134 215 1
215 134 1
164 215 1
215 164 1
215 164 1
164 215 1
128 215 1
215 128 1
114 128 1
128 114 1
284 298 1
298 284 1
284 244 1
244 284 1
298 284 1
284 298 1
35 282 1
282 35 1
348 231 1
231 348 1
348 353 1
353 348 1
26 256 1
256 26 1
26 15 1
15 26 1
26 181 1
181 26 1
26 250 1
250 26 1
26 75 1
75 26 1
25 10 1
10 25 1
25 34 1
34 25 1
25 16 1
16 25 1
25 17 1
17 25 1
25 261 1
261 25 1
25 49 1
49 25 1
25 37 1
37 25 1
25 22 1
22 25 1
25 262 1
262 25 1
25 24 1
24 25 1
25 43 1
43 25 1
209 25 1
25 209 1
262 25 1
25 262 1
261 25 1
25 261 1
317 25 1
25 317 1
41 25 1
25 41 1
211 25 1
25 211 1
42 25 1
25 42 1
34 25 1
25 34 1
55 25 1
25 55 1
37 25 1
25 37 1
354 25 1
25 354 1
22 25 1
25 22 1
213 25 1
25 213 1
17 25 1
25 17 1
24 25 1
25 24 1
49 25 1
25 49 1
16 25 1
25 16 1
43 25 1
25 43 1
10 25 1
25 10 1
358 334 1
334 358 1
359 360 1
360 359 1
360 359 1
359 360 1
361 362 1
362 361 1
359 362 1
362 359 1
362 363 1
363 362 1
360 364 1
364 360 1
365 360 1
360 365 1
365 366 1
366 365 1
309 363 1
363 309 1
363 309 1
309 363 1
367 368 1
368 367 1
368 367 1
367 368 1
369 370 1
370 369 1
254 370 1
370 254 1
254 371 1
371 254 1
371 254 1
254 371 1
370 254 1
254 370 1
372 367 1
367 372 1
367 372 1
372 367 1
229 372 1
372 229 1
372 229 1
229 372 1
369 373 1
373 369 1
373 369 1
369 373 1
374 368 1
368 374 1
374 375 1
375 374 1
375 374 1
374 375 1
376 375 1
375 376 1
